time	EURUSD	GBPUSD	NZDUSD
2015-01-02	0.0	0.0	0.0
2015-01-05	0.0	0.0	0.0
2015-01-06	0.0	0.0	0.0
2015-01-07	0.0	0.0	0.0
2015-01-08	0.0	0.0	0.0
2015-01-09	0.0	0.0	0.0
2015-01-12	0.0	0.0	0.0
2015-01-13	0.0	0.0	0.0
2015-01-14	0.0	0.0	0.0
2015-01-15	0.0	0.0	0.0
2015-01-16	0.0	0.0	0.0
2015-01-19	0.0	0.0	0.0
2015-01-20	0.0	0.0	0.0
2015-01-21	0.0	0.0	0.0
2015-01-22	0.0	0.0	0.0
2015-01-23	0.0	0.0	0.0
2015-01-26	0.0	0.0	0.0
2015-01-27	0.0	0.0	0.0
2015-01-28	0.0	0.0	0.0
2015-01-29	138685.85	157468.6	113632.1
2015-01-30	139053.45	156654.05	113236.9
2015-02-02	136873.2	154243.9	111617.65
2015-02-03	136257.35	152572.05	111466.8
2015-02-04	134497.85	149864.95	110794.95
2015-02-05	134420.1	149467.35	110368.7
2015-02-06	132999.65	147166.2	109190.2
2015-02-09	132033.9	145971.65	108221.55
2015-02-10	130414.5	143233.1	106459.35
2015-02-11	127762.0	139660.85	103735.85
2015-02-12	123674.55	135942.9	101156.45
2015-02-13	119134.1	131884.25	99529.5
2015-02-16	118606.5	132811.95	100841.15
2015-02-17	120385.1	134487.65	102364.65
2015-02-18	120822.3	135767.4	102557.75
2015-02-19	119778.25	135559.25	102530.1
2015-02-20	119345.1	135957.3	102699.6
2015-02-23	118565.95	136189.75	103689.2
2015-02-24	117799.25	135587.6	104912.25
2015-02-25	116462.2	134271.35	105023.7
2015-02-26	117009.05	135584.6	106051.65
2015-02-27	118044.8	136986.15	107520.5
2015-03-02	117218.7	136278.9	107207.85
2015-03-03	115511.0	134650.9	105060.8
2015-03-04	114602.2	134197.9	103804.8
2015-03-05	114014.95	133517.7	103263.4
2015-03-06	114132.9	133902.25	103203.35
2015-03-09	113789.1	133681.8	102601.3
2015-03-10	115199.4	135337.6	103940.5
2015-03-11	117721.6	138440.8	105663.95
2015-03-12	119583.65	139694.9	106295.25
2015-03-13	121541.55	141130.45	106855.15
2015-03-16	124112.8	142438.95	106773.7
2015-03-17	124173.95	143376.25	106145.05
2015-03-18	126250.0	145137.9	106663.4
2015-03-19	130736.9	148773.25	108664.4
2015-03-20	131907.95	150338.6	109216.3
2015-03-23	135502.3	153656.05	110940.6
2015-03-24	137514.45	156124.6	111397.65
2015-03-25	138775.05	157450.1	111279.15
2015-03-26	140978.9	159110.1	112587.75
2015-03-27	142389.45	160345.7	113388.75
2015-03-30	144204.65	161576.15	114376.95
2015-03-31	145618.95	163471.05	114907.1
2015-04-01	146913.15	165052.5	115834.35
2015-04-02	146963.8	165546.6	116492.85
2015-04-03	144593.8	163582.45	114686.7
2015-04-06	143146.4	161183.95	113089.3
2015-04-07	141951.65	160046.2	112123.35
2015-04-08	140526.1	157842.2	111354.15
2015-04-09	138444.85	156046.05	109933.3
2015-04-10	137157.6	154845.5	109562.45
2015-04-13	136588.05	154095.9	109763.35
2015-04-14	137116.25	154087.5	110512.85
2015-04-15	136886.7	152800.6	110710.8
2015-04-16	136764.25	151689.9	111003.75
2015-04-17	137289.55	150681.95	111816.3
2015-04-20	135366.0	148602.5	110829.15
2015-04-21	135067.85	147865.55	111391.6
2015-04-22	136048.15	149139.9	113309.65
2015-04-23	136256.85	149228.7	114521.05
2015-04-24	136903.55	149474.05	115658.5
2015-04-27	137328.45	150295.05	117231.05
2015-04-28	138869.9	151606.15	120155.5
2015-04-29	141607.85	154229.95	123860.0
2015-04-30	146470.1	158811.55	128220.6
2015-05-01	150463.65	162388.4	132066.0
2015-05-04	152300.7	165195.05	133895.8
2015-05-05	150100.35	162698.8	132171.65
2015-05-06	148989.1	161623.2	131364.65
2015-05-07	147993.15	160088.9	130098.55
2015-05-08	147164.8	159844.1	129300.5
2015-05-11	146171.2	159810.65	129090.95
2015-05-12	147713.65	160875.25	130072.3
2015-05-13	147680.0	160851.9	131199.2
2015-05-14	146774.15	159902.65	131911.75
2015-05-15	145813.05	159687.3	131519.7
2015-05-18	144859.15	159628.15	131093.95
2015-05-19	146499.1	160762.6	131899.55
2015-05-20	148579.9	162284.5	132973.1
2015-05-21	149101.55	163046.45	132399.9
2015-05-22	149353.1	163878.45	132705.15
2015-05-25	146984.3	161796.65	130763.2
2015-05-26	147914.85	162527.2	130091.3
2015-05-27	147014.35	161360.3	128356.7
2015-05-28	145331.15	159256.3	127583.05
2015-05-29	145843.25	159640.95	128421.5
2015-06-01	149285.55	162578.3	131004.4
2015-06-02	158266.2	170156.75	138107.45
2015-06-03	161155.6	172124.4	140923.0
2015-06-04	162666.8	172789.55	141324.55
2015-06-05	170200.1	178624.55	146586.3
2015-06-08	175557.5	182112.9	149175.7
2015-06-09	179225.2	185327.1	151148.05
2015-06-10	184918.75	190984.25	154606.75
2015-06-11	187021.9	193279.1	155424.25
2015-06-12	190619.15	195444.3	153857.05
2015-06-15	193707.35	196924.25	153958.6
2015-06-16	194048.55	197378.9	152349.7
2015-06-17	195083.8	198971.6	151880.55
2015-06-18	198010.75	201199.25	153110.4
2015-06-19	198600.35	200694.8	152125.25
2015-06-22	203377.8	204064.45	153881.7
2015-06-23	205391.0	204869.15	153870.8
2015-06-24	207179.05	205598.5	153726.7
2015-06-25	206631.5	205343.5	151540.6
2015-06-26	206858.4	205286.2	150143.95
2015-06-29	211785.7	208599.85	151574.5
2015-06-30	210042.95	207899.9	148847.65
2015-07-01	210896.8	210159.45	148153.25
2015-07-02	213193.1	213497.85	150892.05
2015-07-03	207406.15	209078.35	147406.65
2015-07-06	207767.65	208723.45	146064.6
2015-07-07	207840.25	208551.35	145360.75
2015-07-08	206309.95	206498.85	143705.7
2015-07-09	206043.1	206244.6	141559.6
2015-07-10	206742.45	207010.65	143120.9
2015-07-13	208810.4	208774.3	145392.9
2015-07-14	209758.15	209341.0	145750.8
2015-07-15	209177.5	207911.3	145880.65
2015-07-16	207676.15	206674.8	144973.95
2015-07-17	207097.4	206305.05	144871.3
2015-07-20	205760.0	205042.25	145737.95
2015-07-21	204933.4	205735.45	149319.4
2015-07-22	207427.9	211008.4	154630.1
2015-07-23	209808.1	213600.9	158026.5
2015-07-24	209902.3	213932.7	159264.45
2015-07-27	205848.35	211282.85	158894.95
2015-07-28	203573.3	209823.2	159668.65
2015-07-29	203774.5	210085.2	161924.5
2015-07-30	204445.85	211402.4	163893.35
2015-07-31	208060.65	215027.75	167714.55
2015-08-03	206115.9	215763.3	170588.25
2015-08-04	204118.3	215800.5	172777.4
2015-08-05	202782.3	216549.75	173349.85
2015-08-06	201478.2	216724.05	175251.65
2015-08-07	199008.3	216320.15	177097.8
2015-08-10	195946.95	214256.3	175142.3
2015-08-11	195781.1	213838.2	176295.8
2015-08-12	196249.95	214065.75	176592.65
2015-08-13	194547.4	211860.4	175310.3
2015-08-14	194323.95	211434.45	176227.0
2015-08-17	194627.8	212445.25	176725.45
2015-08-18	192648.85	210204.5	174951.9
2015-08-19	190144.65	205724.1	172340.35
2015-08-20	189791.55	204456.95	171710.45
2015-08-21	194196.95	207354.5	173758.1
2015-08-24	202294.9	212215.4	177063.8
2015-08-25	210075.1	216016.5	177739.3
2015-08-26	216698.9	218475.25	177247.0
2015-08-27	219910.0	219355.9	176647.15
2015-08-28	220360.75	218268.05	174163.3
2015-08-31	220446.65	215798.95	172419.7
2015-09-01	222873.9	214174.6	170699.85
2015-09-02	224244.35	212409.95	169058.5
2015-09-03	225666.25	210916.9	168859.75
2015-09-04	227489.1	209357.35	168396.95
2015-09-07	228153.2	209165.2	169250.2
2015-09-08	228668.7	207865.6	168730.8
2015-09-09	229072.4	205816.6	168156.5
2015-09-10	232833.15	207821.2	170504.6
2015-09-11	235217.0	208335.5	169330.3
2015-09-14	236005.85	206626.6	167388.05
2015-09-15	237752.55	205091.05	164637.75
2015-09-16	236992.45	202206.1	161253.9
2015-09-17	236763.85	200989.65	159329.75
2015-09-18	235536.65	198749.45	157760.0
2015-09-21	227499.95	191891.25	153412.95
2015-09-22	220559.95	186565.65	150264.05
2015-09-23	214653.75	182247.35	148169.85
2015-09-24	213276.95	180505.3	147238.5
2015-09-25	213338.3	179132.55	146703.15
2015-09-28	216583.85	180433.8	148072.25
2015-09-29	217456.2	180934.35	148403.8
2015-09-30	217967.3	181046.25	148928.25
2015-10-01	219028.05	181788.7	149053.05
2015-10-02	221578.8	184122.25	150078.85
2015-10-05	226479.0	187461.05	153668.85
2015-10-06	227746.95	188149.75	156267.7
2015-10-07	229266.95	189829.2	157736.5
2015-10-08	229105.9	190134.1	158440.45
2015-10-09	231056.9	192179.6	162009.9
2015-10-12	229805.25	193302.4	163430.0
2015-10-13	230388.45	196517.05	165947.85
2015-10-14	232554.7	199580.65	169367.15
2015-10-15	234064.5	200956.75	171463.45
2015-10-16	232513.55	200957.05	172502.45
2015-10-19	232893.05	201278.45	172930.55
2015-10-20	232318.25	201530.25	173952.6
2015-10-21	231407.0	201559.0	175505.05
2015-10-22	232715.8	203275.2	176892.95
2015-10-23	234963.35	205423.9	179441.65
2015-10-26	232189.5	205317.25	178840.15
2015-10-27	228862.65	203990.55	178390.6
2015-10-28	228234.2	203969.0	179840.35
2015-10-29	228196.0	204687.65	180630.45
2015-10-30	227723.0	204558.25	182053.6
2015-11-02	224176.0	202060.4	181075.9
2015-11-03	222603.9	202283.85	181835.45
2015-11-04	221815.4	202045.9	183163.25
2015-11-05	221337.35	202286.05	183859.15
2015-11-06	220197.7	202304.15	184602.2
2015-11-09	224267.55	203366.85	184853.55
2015-11-10	225439.65	201996.75	183212.85
2015-11-11	224472.6	200362.0	180474.3
2015-11-12	227054.55	200892.85	180181.65
2015-11-13	230191.5	200794.4	177978.6
2015-11-16	232223.1	201129.45	177261.0
2015-11-17	235218.2	201772.9	177594.15
2015-11-18	237114.9	202447.15	177271.95
2015-11-19	237415.85	201953.0	177762.05
2015-11-20	235707.0	200135.45	177461.15
2015-11-23	238403.4	201096.95	177596.9
2015-11-24	241086.65	202378.35	177393.35
2015-11-25	243140.15	202923.5	176421.4
2015-11-26	239798.4	201668.15	173492.4
2015-11-27	237060.45	200001.2	170522.6
2015-11-30	237742.45	199836.7	168224.8
2015-12-01	239390.35	200671.45	167863.05
2015-12-02	239974.9	201215.85	167682.9
2015-12-03	244940.55	204013.6	169289.85
2015-12-04	250349.4	206828.95	170188.7
2015-12-07	249692.8	206485.15	171342.15
2015-12-08	250172.65	207878.6	172949.7
2015-12-09	253832.85	210105.25	175126.0
2015-12-10	251939.05	209661.9	175683.95
2015-12-11	252592.8	210525.25	177082.85
2015-12-14	254811.05	212842.95	178605.95
2015-12-15	255740.6	214387.1	180309.45
2015-12-16	258931.65	217588.1	182480.95
2015-12-17	258211.15	217895.35	182569.0
2015-12-18	259196.3	218787.5	182040.6
2015-12-21	257030.95	217857.7	178570.65
2015-12-22	253962.2	216469.9	176898.1
2015-12-23	248595.75	214404.45	173615.2
2015-12-24	245063.05	211165.55	170029.2
2015-12-28	241421.7	208384.75	166455.0
2015-12-29	238768.9	207113.05	164140.45
2015-12-30	234769.05	204925.2	160028.75
2015-12-31	228561.75	201108.4	154389.75
2016-01-04	225752.6	198397.35	150087.4
2016-01-05	220421.35	195118.5	145972.05
2016-01-06	221710.5	198223.55	146531.8
2016-01-07	224628.75	200397.65	148076.45
2016-01-08	224641.7	200968.5	148149.15
2016-01-11	224750.45	200094.55	146748.1
2016-01-12	224054.05	200964.0	147379.35
2016-01-13	222973.0	201369.7	147563.95
2016-01-14	224652.55	202067.7	148189.8
2016-01-15	225676.65	200786.25	148459.65
2016-01-18	223575.15	199316.6	147708.85
2016-01-19	226941.4	203149.9	152046.85
2016-01-20	236730.0	208966.4	160507.85
2016-01-21	249208.65	216070.45	167523.9
2016-01-22	257940.9	221297.95	171935.9
2016-01-25	266253.95	227804.8	178523.3
2016-01-26	274253.05	234947.75	184999.3
2016-01-27	283961.7	242445.7	194006.6
2016-01-28	293118.9	250180.1	200264.15
2016-01-29	308572.25	261491.65	208352.3
2016-02-01	309492.3	264763.25	210614.25
2016-02-02	313105.85	268475.8	213905.55
2016-02-03	321262.4	272524.65	217063.5
2016-02-04	329426.05	277132.95	218588.1
2016-02-05	332410.5	277970.85	219063.55
2016-02-08	339221.4	285547.6	220921.6
2016-02-09	350954.5	295056.9	226311.05
2016-02-10	362217.2	302055.0	232103.45
2016-02-11	375271.4	311966.05	239044.25
2016-02-12	382154.95	318952.8	241929.6
2016-02-15	387657.35	323641.2	247128.35
2016-02-16	389360.95	324831.0	248710.85
2016-02-17	387833.15	326579.5	249277.35
2016-02-18	383474.15	327334.8	248830.8
2016-02-19	383613.4	329915.2	250235.25
2016-02-22	386054.1	336130.15	253478.5
2016-02-23	388519.1	339888.7	254958.8
2016-02-24	390086.95	344000.1	253105.2
2016-02-25	390082.5	344322.7	253816.6
2016-02-26	385364.15	343011.5	252782.8
2016-02-29	387395.8	345226.25	256017.05
2016-03-01	389244.5	348729.55	259489.0
2016-03-02	384508.7	349062.0	261658.35
2016-03-03	376807.15	348045.1	262984.3
2016-03-04	376529.0	351253.6	265776.0
2016-03-07	369860.0	346562.8	266489.75
2016-03-08	359770.4	338915.6	263363.0
2016-03-09	348781.2	333742.6	262261.8
2016-03-10	340789.3	329214.55	261388.25
2016-03-11	334465.25	324134.6	260718.65
2016-03-14	331117.35	321194.65	258503.2
2016-03-15	326249.5	318712.1	256313.5
2016-03-16	322772.6	317312.45	254832.85
2016-03-17	322260.45	315401.7	257515.3
2016-03-18	318854.65	310145.65	257305.05
2016-03-21	314862.9	302824.5	255907.45
2016-03-22	310703.0	298752.35	256452.2
2016-03-23	302125.0	291386.8	254403.0
2016-03-24	295858.35	286797.2	250342.9
2016-03-25	282935.3	272874.25	242018.35
2016-03-28	271956.35	262397.45	233433.35
2016-03-29	269163.8	259443.55	231032.3
2016-03-30	268440.1	258506.15	230837.2
2016-03-31	267275.0	256339.1	230211.0
2016-04-01	266129.3	255271.85	229344.95
2016-04-04	265787.2	255451.9	228400.25
2016-04-05	265159.55	255856.35	229671.85
2016-04-06	265954.0	257762.85	229446.7
2016-04-07	262229.35	257000.35	226322.8
2016-04-08	259698.8	256964.8	223308.95
2016-04-11	259382.45	258747.95	223358.15
2016-04-12	260233.15	261154.25	222667.7
2016-04-13	260154.85	261398.45	222782.45
2016-04-14	256418.35	259671.55	219418.0
2016-04-15	254150.95	259484.45	218553.0
2016-04-18	254150.95	259791.9	218186.4
2016-04-19	253233.15	259897.1	216412.4
2016-04-20	255532.95	263106.55	217309.3
2016-04-21	259600.5	266761.65	220164.85
2016-04-22	269860.15	278118.45	226791.4
2016-04-25	276534.9	287566.95	230922.0
2016-04-26	275166.15	288973.3	229549.7
2016-04-27	273308.3	289802.6	227258.9
2016-04-28	275026.35	292033.8	227070.25
2016-04-29	275246.1	293844.9	225838.05
2016-05-02	275263.4	293740.8	224636.65
2016-05-03	276565.35	297184.0	225249.7
2016-05-04	277404.25	297160.55	226129.35
2016-05-05	273668.7	293805.05	224404.2
2016-05-06	273717.55	294671.05	226347.05
2016-05-09	272927.6	294108.8	224224.85
2016-05-10	270272.7	291343.1	223467.85
2016-05-11	265815.35	286670.65	221544.0
2016-05-12	263811.95	285707.75	219681.25
2016-05-13	265641.05	287663.55	219784.25
2016-05-16	264199.45	286409.3	217025.95
2016-05-17	264105.15	286309.35	217011.4
2016-05-18	265706.5	286935.85	217708.2
2016-05-19	264773.7	287019.45	217873.7
2016-05-20	260920.8	284968.8	216443.6
2016-05-23	259126.95	281899.25	216759.2
2016-05-24	258859.7	279931.0	216185.75
2016-05-25	257169.0	277190.25	213768.0
2016-05-26	253119.45	274081.25	211134.15
2016-05-27	248264.9	269720.3	208738.1
2016-05-30	242655.05	265289.8	205649.25
2016-05-31	240154.0	263199.15	202607.0
2016-06-01	238627.05	263316.4	200536.7
2016-06-02	239124.6	263965.1	199970.75
2016-06-03	240468.05	264429.25	199531.1
2016-06-06	243375.25	267845.2	200420.4
2016-06-07	244109.5	268986.0	199668.45
2016-06-08	245160.85	271067.45	199074.4
2016-06-09	246145.05	271676.35	200153.9
2016-06-10	246136.2	272181.25	199583.0
2016-06-13	250910.1	280245.0	201745.4
2016-06-14	253352.15	284281.3	202259.9
2016-06-15	253036.6	284673.15	201835.45
2016-06-16	257493.85	286692.05	203649.65
2016-06-17	261098.95	290831.5	206077.85
2016-06-20	264695.85	295598.85	206599.4
2016-06-21	264532.15	297655.2	206233.05
2016-06-22	264492.7	298629.4	205068.85
2016-06-23	265977.4	304266.5	205932.4
2016-06-24	282610.05	319793.0	210678.95
2016-06-27	295175.1	331389.15	218086.05
2016-06-28	296215.15	331325.2	218446.75
2016-06-29	296385.7	331322.75	217597.35
2016-06-30	299240.6	334835.1	219242.95
2016-07-01	296478.0	333164.9	217104.65
2016-07-04	290346.0	327296.6	213790.15
2016-07-05	290341.95	329152.85	214075.15
2016-07-06	293712.25	334263.8	216958.6
2016-07-07	293672.15	337040.0	216551.8
2016-07-08	292051.7	338103.2	216490.35
2016-07-11	287845.9	333114.3	214684.65
2016-07-12	286056.3	332964.15	214610.15
2016-07-13	284023.3	334280.5	214975.75
2016-07-14	279415.75	335182.45	212793.25
2016-07-15	278468.7	336399.35	213120.55
2016-07-18	274012.85	333888.95	211981.55
2016-07-19	271934.85	331948.1	211419.6
2016-07-20	270139.5	330224.55	210611.55
2016-07-21	269214.5	326772.8	209915.95
2016-07-22	251908.7	313460.15	204943.9
2016-07-25	241920.15	304057.4	198442.1
2016-07-26	238280.85	300647.45	196608.4
2016-07-27	236423.55	297991.3	196391.35
2016-07-28	231431.85	292162.95	192901.85
2016-07-29	232575.7	292126.15	194041.9
2016-08-01	233334.15	292251.75	194531.75
2016-08-02	231781.3	287902.6	195092.25
2016-08-03	225735.45	280390.25	191516.45
2016-08-04	223081.05	277046.95	190281.05
2016-08-05	220685.75	272960.75	189433.1
2016-08-08	217604.25	267986.6	187931.1
2016-08-09	213163.5	261092.45	185384.35
2016-08-10	210544.1	255270.85	184523.05
2016-08-11	205937.7	247973.3	183651.3
2016-08-12	202244.3	240977.5	182201.95
2016-08-15	199699.3	235270.0	181246.75
2016-08-16	200732.3	234513.15	184101.0
2016-08-17	201283.5	233346.6	187915.0
2016-08-18	199981.9	229959.3	190181.4
2016-08-19	199373.25	226012.55	191979.05
2016-08-22	199192.0	226193.4	194851.3
2016-08-23	197747.25	225109.15	196638.8
2016-08-24	195041.5	223281.15	196579.9
2016-08-25	191457.05	220976.4	195904.95
2016-08-26	189802.1	220603.8	197872.6
2016-08-29	189586.9	219485.1	199933.1
2016-08-30	187933.85	219427.85	199067.8
2016-08-31	188514.55	220448.35	199991.15
2016-09-01	188594.75	220349.0	200725.05
2016-09-02	190560.05	222357.9	203279.35
2016-09-05	190132.45	222891.0	203725.35
2016-09-06	192141.4	224336.4	206117.5
2016-09-07	192738.25	225316.7	206235.65
2016-09-08	195323.65	226142.85	207516.15
2016-09-09	197098.35	227022.6	209180.05
2016-09-12	201969.3	229479.4	214951.75
2016-09-13	202410.25	229855.55	217938.95
2016-09-14	202628.9	230681.1	219375.8
2016-09-15	202778.45	232529.25	222776.9
2016-09-16	203782.75	233032.55	225141.0
2016-09-19	203366.5	233303.35	225103.55
2016-09-20	204682.35	235245.0	225272.45
2016-09-21	208154.25	238374.05	228562.6
2016-09-22	211159.0	241838.75	231318.35
2016-09-23	209306.8	241695.5	229797.0
2016-09-26	210033.0	242245.3	229974.95
2016-09-27	211972.3	242256.5	231662.8
2016-09-28	213544.75	242678.55	232772.25
2016-09-29	215233.8	243214.9	236039.2
2016-09-30	218602.0	245027.6	236782.3
2016-10-03	220600.75	247570.0	237571.85
2016-10-04	223424.8	250152.0	238384.95
2016-10-05	224673.35	250340.45	237912.45
2016-10-06	224168.9	251820.85	235903.9
2016-10-07	230134.15	264572.85	238260.55
2016-10-10	227705.3	266846.2	233542.3
2016-10-11	228660.6	271249.65	230248.4
2016-10-12	231134.45	278571.4	228679.95
2016-10-13	231278.1	279790.1	224114.4
2016-10-14	232089.95	282825.45	222771.2
2016-10-17	232527.35	283263.6	221742.25
2016-10-18	231783.2	282896.3	220130.6
2016-10-19	228298.35	279687.0	215407.05
2016-10-20	228683.5	278135.15	215221.2
2016-10-21	228510.5	274985.1	213081.25
2016-10-24	227473.95	274012.95	210385.7
2016-10-25	227190.65	275093.95	207812.9
2016-10-26	225773.2	273981.25	205723.6
2016-10-27	224913.3	275374.1	201830.7
2016-10-28	221920.0	277017.35	201405.15
2016-10-31	221666.9	279408.85	202167.35
2016-11-01	219007.55	278597.2	201861.3
2016-11-02	220043.75	279935.75	204299.35
2016-11-03	220796.55	282113.45	205923.3
2016-11-04	214380.0	271421.55	203675.55
2016-11-07	215185.95	271421.6	206245.1
2016-11-08	211789.7	266078.95	205629.3
2016-11-09	226326.7	271510.9	217325.3
2016-11-10	231665.4	275706.6	223418.05
2016-11-11	235790.7	279655.85	229682.4
2016-11-14	243938.85	286687.45	236030.0
2016-11-15	248839.9	292198.05	241438.15
2016-11-16	252796.85	297890.4	245717.85
2016-11-17	256497.95	302696.5	248728.2
2016-11-18	262811.75	311362.6	255353.15
2016-11-21	269746.35	320681.2	261952.5
2016-11-22	273371.3	325214.55	265876.6
2016-11-23	277707.05	330060.8	269001.9
2016-11-24	279806.1	329770.5	269453.5
2016-11-25	282844.4	327907.65	269539.95
2016-11-28	288953.6	328729.5	272291.9
2016-11-29	292331.6	328546.1	272952.1
2016-11-30	296098.45	329846.65	273265.05
2016-12-01	298270.9	328875.05	272480.35
2016-12-02	300270.9	326444.05	271104.65
2016-12-05	306180.55	326543.25	273147.75
2016-12-06	307603.85	324213.9	272441.9
2016-12-07	288644.6	307855.3	257522.45
2016-12-08	284980.7	300848.8	252286.85
2016-12-09	279320.35	291931.65	244091.85
2016-12-12	272416.2	283569.4	240670.85
2016-12-13	268574.65	277519.0	239191.1
2016-12-14	267709.65	274550.7	242055.15
2016-12-15	270090.8	276112.85	247200.55
2016-12-16	267160.85	272542.45	246341.05
2016-12-19	263392.2	267601.65	245677.65
2016-12-20	260511.95	262887.55	244591.75
2016-12-21	256657.5	258436.25	243662.8
2016-12-22	254503.9	255304.45	244730.65
2016-12-23	247306.6	249774.6	240760.85
2016-12-26	240880.2	236382.55	230966.6
2016-12-27	234783.1	232690.75	227080.95
2016-12-28	227673.2	225778.1	223389.25
2016-12-29	223931.05	222196.35	224328.05
2016-12-30	225509.05	225737.6	227365.9
2017-01-02	216568.0	216715.15	219026.3
2017-01-03	218813.3	219398.55	221426.25
2017-01-04	222883.75	223721.35	227624.3
2017-01-05	225556.85	228331.8	233875.9
2017-01-06	228670.8	233190.8	239542.0
2017-01-09	229261.45	235548.35	239522.0
2017-01-10	231837.65	237806.6	240382.9
2017-01-11	235800.15	241098.5	241312.4
2017-01-12	235610.95	239720.9	237517.45
2017-01-13	235517.2	238892.9	237860.2
2017-01-16	235206.95	240302.25	233879.4
2017-01-17	240205.15	246503.3	237018.6
2017-01-18	243481.8	250037.45	237243.65
2017-01-19	248473.15	255349.3	241591.55
2017-01-20	256235.05	262462.5	249361.45
2017-01-23	262380.3	274858.6	260682.7
2017-01-24	268015.1	280435.4	264612.15
2017-01-25	272257.2	287740.3	268519.65
2017-01-26	275555.35	292659.4	268367.55
2017-01-27	273560.75	292120.9	266056.15
2017-01-30	278372.8	300698.8	272685.25
2017-01-31	281601.4	303988.25	273965.35
2017-02-01	282632.9	305949.4	271504.0
2017-02-02	280928.65	304281.6	265574.95
2017-02-03	280822.85	304083.8	262248.55
2017-02-06	281634.55	303577.75	260869.85
2017-02-07	280666.3	303995.05	257938.85
2017-02-08	276275.9	300615.7	252459.2
2017-02-09	271292.5	297666.1	247839.65
2017-02-10	270351.6	296771.25	243315.55
2017-02-13	269371.95	293974.85	242738.0
2017-02-14	264723.95	289119.05	238689.1
2017-02-15	263401.35	287868.8	237959.1
2017-02-16	259610.25	284083.9	233922.2
2017-02-17	255441.15	279707.95	227521.7
2017-02-20	249406.9	276240.25	219978.2
2017-02-21	246925.05	273612.05	216304.95
2017-02-22	246090.0	271608.7	212635.45
2017-02-23	243268.6	268928.05	211146.5
2017-02-24	241890.75	267237.55	208986.5
2017-02-27	240363.45	267349.45	206789.4
2017-02-28	235473.6	263488.25	202503.15
2017-03-01	235531.9	262309.65	202599.45
2017-03-02	232525.3	260319.9	200329.25
2017-03-03	231804.25	262796.2	199650.75
2017-03-06	229853.8	265483.95	197624.35
2017-03-07	226815.15	263448.45	195098.0
2017-03-08	225136.45	263194.55	192701.95
2017-03-09	226915.1	265869.1	192576.95
2017-03-10	227664.8	269172.15	192327.9
2017-03-13	228968.95	273043.25	192090.05
2017-03-14	228191.85	272461.8	189586.15
2017-03-15	228531.05	274625.8	189208.05
2017-03-16	229948.55	277991.35	188040.65
2017-03-17	229757.55	281139.7	186391.7
2017-03-20	230083.45	285081.75	188143.65
2017-03-21	231886.8	286459.3	190103.4
2017-03-22	231818.65	286258.0	191049.0
2017-03-23	232355.5	286642.8	190405.65
2017-03-24	232555.25	285430.2	190915.95
2017-03-27	233103.7	284401.2	190325.2
2017-03-28	231664.7	283968.1	189047.7
2017-03-29	228541.8	283975.4	184226.05
2017-03-30	227684.25	282334.6	181802.75
2017-03-31	225798.3	279433.0	178903.0
2017-04-03	224661.85	276205.7	177253.65
2017-04-04	223982.55	275534.6	176212.9
2017-04-05	222949.7	275468.4	174852.85
2017-04-06	218970.15	271379.15	173173.85
2017-04-07	217705.75	268748.05	173257.15
2017-04-10	214045.5	264955.05	173535.25
2017-04-11	211974.75	266307.1	174859.6
2017-04-12	209491.1	268133.9	175751.0
2017-04-13	205644.1	269091.55	175849.15
2017-04-14	199719.55	262160.75	172359.3
2017-04-17	197091.05	258479.45	171878.5
2017-04-18	195084.55	266879.7	172775.1
2017-04-19	190978.45	272929.9	171430.85
2017-04-20	188185.4	276012.25	171843.95
2017-04-21	185525.4	279390.25	170119.95
2017-04-24	187615.75	284331.05	169866.8
2017-04-25	187151.6	287398.75	170754.35
2017-04-26	188047.75	287449.5	175441.1
2017-04-27	188535.35	289680.0	177834.15
2017-04-28	188085.05	290662.9	179204.45
2017-05-01	184297.8	286154.15	177854.4
2017-05-02	183538.75	286628.65	177588.6
2017-05-03	183229.8	286704.3	178477.65
2017-05-04	184228.2	287974.3	179101.55
2017-05-05	184265.25	291870.65	181388.1
2017-05-08	186541.2	293789.1	182091.3
2017-05-09	187207.7	294933.35	182725.1
2017-05-10	192302.8	297533.6	184492.25
2017-05-11	198282.0	303311.5	189516.65
2017-05-12	208829.65	317628.5	199222.35
2017-05-15	216705.1	328886.05	203963.9
2017-05-16	224071.9	329873.0	206319.85
2017-05-17	237144.9	336003.8	214852.85
2017-05-18	253382.0	349662.25	226722.45
2017-05-19	262161.75	356033.0	234425.6
2017-05-22	264724.05	359276.5	237742.15
2017-05-23	276046.2	367982.1	242633.2
2017-05-24	283445.4	376064.1	245196.5
2017-05-25	288049.5	382751.7	249523.65
2017-05-26	293779.35	391996.1	254487.85
2017-05-29	297359.75	401444.6	261806.8
2017-05-30	306022.95	409709.05	267075.7
2017-05-31	313966.8	420125.45	271899.75
2017-06-01	318171.7	427814.45	274843.75
2017-06-02	322028.1	430602.0	275057.3
2017-06-05	323565.25	433605.6	276928.3
2017-06-06	328793.2	437851.8	280031.6
2017-06-07	330402.65	439075.2	280132.4
2017-06-08	333391.3	440549.45	278439.6
2017-06-09	338956.35	461577.35	278599.5
2017-06-12	339062.75	463041.15	278183.65
2017-06-13	334715.7	461868.5	275594.2
2017-06-14	336161.0	465725.05	276100.45
2017-06-15	331874.85	461787.75	272003.9
2017-06-16	331734.2	463696.35	268666.75
2017-06-19	330924.1	462458.55	268015.9
2017-06-20	327498.6	460722.65	264830.35
2017-06-21	324194.65	459297.35	260992.45
2017-06-22	323923.15	458852.9	257299.25
2017-06-23	320948.45	453946.2	251325.0
2017-06-26	327046.6	455275.95	249583.3
2017-06-27	332627.6	458754.3	249519.35
2017-06-28	342637.55	462687.3	250962.45
2017-06-29	353233.45	466894.4	252007.15
2017-06-30	361465.65	470189.9	254513.65
2017-07-03	368036.75	472843.25	254252.1
2017-07-04	370637.2	474402.6	251714.6
2017-07-05	374582.6	472743.25	250080.85
2017-07-06	376959.8	469668.9	247769.55
2017-07-07	376930.9	444629.6	246518.5
2017-07-10	377756.3	435375.95	244314.0
2017-07-11	383444.05	431528.5	245576.25
2017-07-12	385205.6	425687.1	241027.6
2017-07-13	387073.7	420377.75	237994.15
2017-07-14	390696.1	417777.55	241054.95
2017-07-17	394423.25	420196.5	246507.35
2017-07-18	404619.75	424948.45	256892.05
2017-07-19	408480.2	424492.55	260617.6
2017-07-20	422151.8	431732.05	268220.0
2017-07-21	431215.15	434061.25	276214.3
2017-07-24	435320.4	435061.85	279575.6
2017-07-25	435275.2	431627.5	283324.8
2017-07-26	432229.35	427291.55	288724.95
2017-07-27	433705.9	429579.25	295748.0
2017-07-28	433941.35	431052.9	298581.7
2017-07-31	437417.75	433475.0	302751.05
2017-08-01	442441.05	432110.65	308144.6
2017-08-02	444097.5	432246.35	312377.6
2017-08-03	443998.9	433851.5	315307.3
2017-08-04	443231.45	434864.35	316281.6
2017-08-07	442170.6	435514.5	317617.4
2017-08-08	440325.2	432874.65	317559.5
2017-08-09	437185.8	428170.7	317300.95
2017-08-10	434687.05	426424.9	316941.8
2017-08-11	433040.9	425248.65	314628.45
2017-08-14	429947.15	420695.3	308787.15
2017-08-15	421308.95	414752.1	299412.2
2017-08-16	422710.45	416215.6	299835.25
2017-08-17	417321.0	413856.75	296667.5
2017-08-18	416633.75	413151.35	295514.8
2017-08-21	412079.0	411147.95	291715.7
2017-08-22	405618.7	409258.4	286080.0
2017-08-23	397758.5	405797.75	279206.1
2017-08-24	387735.65	397909.55	272543.8
2017-08-25	384806.25	397962.55	271122.0
2017-08-28	379792.95	395521.35	268344.15
2017-08-29	387264.65	403309.75	272790.65
2017-08-30	388130.65	407683.8	275542.25
2017-08-31	391247.45	411221.1	281114.9
2017-09-01	394285.1	416746.65	286170.1
2017-09-04	398643.05	422845.3	287201.6
2017-09-05	405088.85	434364.2	294301.4
2017-09-06	407477.3	440863.25	299673.15
2017-09-07	414114.25	448957.45	305180.65
2017-09-08	422811.55	457178.05	316300.0
2017-09-11	426923.1	461399.45	323340.7
2017-09-12	429238.1	465107.2	331712.25
2017-09-13	429121.1	468280.6	334637.9
2017-09-14	428652.9	471988.45	339814.85
2017-09-15	431581.35	482201.1	343934.8
2017-09-18	435897.75	490481.7	348748.3
2017-09-19	442784.9	499102.75	355976.75
2017-09-20	451174.1	511532.55	363527.3
2017-09-21	457683.2	520513.3	368738.55
2017-09-22	457749.05	524315.4	369035.3
2017-09-25	462950.35	532873.75	373844.85
2017-09-26	456998.25	533978.35	371739.1
2017-09-27	457651.0	539779.6	374487.6
2017-09-28	456612.6	541289.1	373657.95
2017-09-29	453948.45	542967.3	370538.05
2017-10-02	455187.35	546837.6	375519.9
2017-10-03	450607.5	544527.95	373509.95
2017-10-04	445693.1	542704.3	370743.75
2017-10-05	437180.15	538235.05	364848.8
2017-10-06	430917.75	537122.05	358194.05
2017-10-09	421789.2	533282.4	350350.65
2017-10-10	419909.85	531230.95	345446.8
2017-10-11	418783.0	527555.8	341866.6
2017-10-12	414264.45	526835.35	337763.9
2017-10-13	408917.95	518718.2	334686.5
2017-10-16	405657.45	510206.9	332304.85
2017-10-17	399959.65	503534.4	330429.6
2017-10-18	392617.45	490513.05	322856.9
2017-10-19	390703.85	485020.6	323407.0
2017-10-20	390827.95	481160.7	324101.05
2017-10-23	385053.7	471950.4	319928.35
2017-10-24	378623.55	463045.7	317152.05
2017-10-25	377206.2	457764.6	313727.2
2017-10-26	377284.9	453059.4	311751.05
2017-10-27	379688.35	450229.15	315243.15
2017-10-30	375409.5	443755.95	312249.1
2017-10-31	373539.6	437721.8	310050.9
2017-11-01	373369.45	434917.2	312141.45
2017-11-02	377742.95	436943.55	314901.6
2017-11-03	373529.85	429701.45	310774.7
2017-11-06	379439.75	429694.7	312965.45
2017-11-07	378238.65	426261.25	311375.8
2017-11-08	373781.5	422511.85	309739.9
2017-11-09	375178.55	416030.6	309125.55
2017-11-10	372483.7	413184.0	305205.15
2017-11-13	370230.55	415324.3	302410.7
2017-11-14	371295.4	414198.3	299927.4
2017-11-15	375927.9	420180.35	301142.35
2017-11-16	372497.5	419712.5	293930.65
2017-11-17	370027.95	418504.95	291318.45
2017-11-20	365384.25	414469.5	285766.9
2017-11-21	356736.75	407057.6	277658.65
2017-11-22	343712.1	394532.05	267621.5
2017-11-23	327719.4	380898.55	255621.65
2017-11-24	313634.05	369244.5	242103.8
2017-11-27	308148.85	363481.2	236883.4
2017-11-28	303530.35	362229.05	232035.3
2017-11-29	296700.95	358708.6	224509.35
2017-11-30	286557.7	351698.4	219368.25
2017-12-01	286435.4	352411.4	220083.2
2017-12-04	281178.85	351024.2	216423.7
2017-12-05	273759.95	346202.4	211871.75
2017-12-06	268350.85	342047.85	207650.55
2017-12-07	257298.5	333305.5	199681.3
2017-12-08	250825.9	327911.1	195011.3
2017-12-11	245095.15	319960.15	192149.25
2017-12-12	235517.55	312948.2	185708.05
2017-12-13	223805.25	301225.8	179267.65
2017-12-14	218360.55	295111.55	176905.6
2017-12-15	209840.0	286099.35	170757.8
2017-12-18	207985.35	283626.9	170078.15
2017-12-19	209916.85	284791.15	169738.1
2017-12-20	210866.55	284403.7	168822.0
2017-12-21	212975.65	287160.15	169770.95
2017-12-22	214607.9	287980.55	169485.95
2017-12-26	209083.95	283630.0	164161.65
2017-12-27	204447.0	278635.95	159483.4
2017-12-28	200433.0	273464.35	154010.05
2017-12-29	196542.35	268648.3	147979.75
2018-01-02	188519.75	263721.5	140671.85
2018-01-03	186244.75	261560.35	139563.8
2018-01-04	185087.5	261083.45	137809.75
2018-01-05	184267.25	261546.85	137443.75
2018-01-08	183734.05	260490.85	136177.3
2018-01-09	183195.7	258368.6	136816.95
2018-01-10	189066.9	265544.7	141251.75
2018-01-11	194928.2	270208.55	145311.15
2018-01-12	200692.65	276131.95	148495.1
2018-01-15	200979.2	275826.95	147008.55
2018-01-16	205196.3	277573.75	147593.5
2018-01-17	213027.05	285961.7	153123.8
2018-01-18	216970.45	291441.2	156754.6
2018-01-19	221312.55	299149.85	161323.2
2018-01-22	224279.45	303441.15	162888.75
2018-01-23	227816.75	310250.75	168539.3
2018-01-24	240688.3	326787.3	178329.45
2018-01-25	258548.25	347557.9	192220.2
2018-01-26	272286.95	364441.9	203860.15
2018-01-29	281371.35	374292.15	211187.05
2018-01-30	290951.7	384897.6	218881.8
2018-01-31	303252.65	400482.45	228830.65
2018-02-01	312373.3	411331.55	236522.1
2018-02-02	323033.0	423051.05	245386.3
2018-02-05	334807.8	438610.9	255178.3
2018-02-06	353367.35	460542.75	267059.85
2018-02-07	358469.8	466756.15	268690.2
2018-02-08	367384.45	481299.35	275780.05
2018-02-09	372885.9	491539.15	281477.9
2018-02-12	373571.15	495461.75	282872.05
2018-02-13	373699.45	499233.65	284416.15
2018-02-14	368665.4	494717.9	281982.3
2018-02-15	361526.3	485737.3	276809.6
2018-02-16	354472.55	475093.95	270796.0
2018-02-19	347018.75	464861.0	265721.7
2018-02-20	339861.25	453814.0	259651.85
2018-02-21	330398.65	439257.75	252732.9
2018-02-22	311559.75	414739.65	238720.65
2018-02-23	295931.15	393677.55	226810.25
2018-02-26	284538.35	378240.75	218360.55
2018-02-27	273181.6	362028.3	209454.55
2018-02-28	258485.55	341308.7	197264.9
2018-03-01	247719.4	327077.05	188641.35
2018-03-02	235404.25	311293.65	177854.75
2018-03-05	221970.3	292816.2	166745.2
2018-03-06	201503.5	268357.9	152927.1
2018-03-07	197424.85	260831.75	149026.35
2018-03-08	195139.4	251496.15	141012.15
2018-03-09	191467.75	242065.0	132989.05
2018-03-12	190425.65	235419.95	129312.55
2018-03-13	193012.3	232431.25	127384.6
2018-03-14	194193.5	232409.75	125926.65
2018-03-15	201122.8	239558.55	129111.3
2018-03-16	205687.25	245133.2	131716.9
2018-03-19	215852.5	258704.15	136840.9
2018-03-20	223515.35	267112.35	139561.35
2018-03-21	234723.75	278570.85	143277.85
2018-03-22	247696.45	293244.4	148730.15
2018-03-23	259665.3	306909.55	154785.25
2018-03-26	268883.3	315382.95	157081.6
2018-03-27	278431.85	326539.4	159373.05
2018-03-28	288742.4	339310.9	163725.0
2018-03-29	295684.45	347505.25	164731.45
2018-03-30	291702.45	350598.8	168451.65
2018-04-02	291382.05	352882.15	168467.7
2018-04-03	298080.0	361317.75	170313.85
2018-04-04	297881.65	363153.3	169931.0
2018-04-05	290816.1	358235.6	167344.6
2018-04-06	290535.45	359400.65	168762.4
2018-04-09	291683.8	362270.95	172864.5
2018-04-10	291173.15	363392.45	175386.8
2018-04-11	292079.55	365053.1	176633.1
2018-04-12	292979.8	368470.05	175732.7
2018-04-13	293405.95	369771.75	173938.55
2018-04-16	289809.8	365762.0	172046.4
2018-04-17	286791.75	365748.2	169984.55
2018-04-18	281911.5	361968.15	166159.2
2018-04-19	277940.95	358723.75	163478.35
2018-04-20	273346.65	355415.5	160535.35
2018-04-23	271361.15	355796.15	160624.15
2018-04-24	269173.1	352150.45	162391.4
2018-04-25	265481.3	345901.2	161819.55
2018-04-26	267792.5	347194.35	163736.9
2018-04-27	279101.25	352359.0	161812.9
2018-04-30	286293.25	357844.3	164385.3
2018-05-01	284446.65	355468.2	163029.25
2018-05-02	290036.85	358116.4	164732.55
2018-05-03	293808.75	361554.55	166953.65
2018-05-04	290844.0	356613.45	163671.6
2018-05-07	287647.9	353993.1	159086.4
2018-05-08	286734.4	354975.6	156077.75
2018-05-09	287122.5	355203.45	153895.25
2018-05-10	289704.75	360580.0	156291.65
2018-05-11	291136.45	361952.4	157290.15
2018-05-14	292932.1	360290.2	156783.05
2018-05-15	298637.7	361710.5	159367.95
2018-05-16	304239.35	365379.45	162511.9
2018-05-17	305819.95	365148.75	163131.1
2018-05-18	306660.0	362194.0	163138.05
2018-05-21	305778.75	359911.95	163487.75
2018-05-22	307212.25	359659.55	161849.75
2018-05-23	315875.3	364432.9	163711.15
2018-05-24	317937.55	366234.9	163691.0
2018-05-25	321877.25	368188.45	164101.5
2018-05-28	321659.1	366307.6	162328.1
2018-05-29	336256.3	378777.5	165599.7
2018-05-30	341238.55	384555.45	165913.0
2018-05-31	345952.5	389222.8	167669.8
2018-06-01	352246.05	394543.85	169738.85
2018-06-04	357027.8	401593.1	171503.8
2018-06-05	358855.8	402707.25	171228.1
2018-06-06	360893.5	403372.45	170539.65
2018-06-07	361716.65	397664.3	167364.75
2018-06-08	364483.2	398148.7	166471.95
2018-06-11	363898.8	398679.15	165542.4
2018-06-12	361698.0	399730.0	163611.4
2018-06-13	357567.1	397319.95	161452.45
2018-06-14	361250.5	399357.45	162819.05
2018-06-15	364748.25	402250.8	163609.9
2018-06-18	362988.5	402767.6	163672.8
2018-06-19	365256.25	406081.75	166287.1
2018-06-20	358393.3	404159.9	164958.05
2018-06-21	359544.45	409117.25	166901.6
2018-06-22	358967.75	409735.95	169110.0
2018-06-25	361357.75	413330.0	172836.5
2018-06-26	352258.9	404132.75	170054.9
2018-06-27	346571.75	399524.0	169011.35
2018-06-28	343933.25	399378.95	167399.15
2018-06-29	344915.5	401693.25	167592.6
2018-07-02	344125.55	397461.15	168108.8
2018-07-03	339703.5	393054.55	167791.65
2018-07-04	331684.3	387757.95	166535.35
2018-07-05	328056.4	396712.65	166692.8
2018-07-06	324095.75	393290.85	167351.25
2018-07-09	324113.4	399350.85	167850.7
2018-07-10	320816.7	395313.3	168134.65
2018-07-11	321386.9	395716.6	169699.1
2018-07-12	314046.25	389466.2	166833.05
2018-07-13	309546.8	386336.2	165305.95
2018-07-16	310020.6	384204.3	164391.75
2018-07-17	305419.2	384072.6	163056.05
2018-07-18	303445.55	382224.35	160748.15
2018-07-19	302095.0	375999.7	159843.35
2018-07-20	304198.2	375121.1	159715.45
2018-07-23	299946.8	369770.25	156102.85
2018-07-24	294792.45	364926.45	156426.15
2018-07-25	289301.1	357098.7	152827.25
2018-07-26	284240.85	346045.7	149475.2
2018-07-27	273121.1	333102.45	145060.6
2018-07-30	266728.15	334238.0	140928.45
2018-07-31	265620.95	331789.4	139486.1
2018-08-01	267756.45	331825.2	139191.35
2018-08-02	263017.4	317815.55	136026.15
2018-08-03	262056.9	316595.35	134152.75
2018-08-06	257271.05	304494.1	132261.7
2018-08-07	253642.75	298474.4	129538.2
2018-08-08	245304.15	291633.25	125994.55
2018-08-09	239555.85	288207.3	125182.35
2018-08-10	243319.6	295257.3	126262.8
2018-08-13	248937.45	300801.25	126517.45
2018-08-14	247954.95	297283.3	122869.6
2018-08-15	247192.1	297740.45	121876.55
2018-08-16	241553.95	294172.25	118464.8
2018-08-17	232516.75	288030.1	113683.1
2018-08-20	229505.2	284870.6	112253.35
2018-08-21	229388.9	284769.85	110810.85
2018-08-22	226902.05	284276.95	111079.95
2018-08-23	223175.15	283709.1	110035.5
2018-08-24	224259.95	285457.25	111541.6
2018-08-27	225190.0	278436.6	112790.75
2018-08-28	223971.85	277015.0	112659.3
2018-08-29	224543.2	279618.75	115113.95
2018-08-30	225686.05	280283.7	118185.45
2018-08-31	226973.4	283593.95	120562.15
2018-09-03	226783.3	287669.2	121234.15
2018-09-04	228991.65	293250.8	123410.75
2018-09-05	233450.9	297917.15	124903.0
2018-09-06	236807.3	299639.4	125414.65
2018-09-07	233285.9	295353.2	124322.8
2018-09-10	225072.5	289514.55	122603.3
2018-09-11	221461.35	286554.25	122689.1
2018-09-12	219615.45	282978.4	122796.65
2018-09-13	216669.25	279327.75	122190.95
2018-09-14	214916.7	278683.35	121919.25
2018-09-17	214054.4	280739.15	122733.4
2018-09-18	213010.95	280798.05	124924.3
2018-09-19	212483.9	281600.65	125630.05
2018-09-20	213257.75	286500.7	127825.25
2018-09-21	212322.3	290236.4	128016.7
2018-09-24	212576.2	292434.7	128880.95
2018-09-25	212154.35	294058.05	129056.1
2018-09-26	213492.75	292329.6	128552.1
2018-09-27	216103.6	291013.45	128668.0
2018-09-28	215563.2	287380.45	126020.9
2018-10-01	218407.5	287149.85	126305.95
2018-10-02	219496.25	285658.3	124852.25
2018-10-03	220588.85	284858.55	123707.65
2018-10-04	221414.3	286415.4	122200.75
2018-10-05	221056.2	284964.2	119579.75
2018-10-08	219804.05	285536.5	118380.8
2018-10-09	223599.2	288858.75	117023.05
2018-10-10	225294.9	290528.55	115888.5
2018-10-11	232998.1	297528.0	117301.8
2018-10-12	234771.25	300931.6	116957.0
2018-10-15	236837.45	303913.4	116784.5
2018-10-16	235243.25	305213.15	114004.95
2018-10-17	236517.15	304546.9	112461.6
2018-10-18	237785.0	299626.45	111482.55
2018-10-19	239912.9	296766.75	110851.9
2018-10-22	240412.2	298638.65	110706.3
2018-10-23	242900.45	303137.55	111041.8
2018-10-24	243151.2	307027.05	110804.2
2018-10-25	241884.85	309654.6	110102.5
2018-10-26	241697.4	315386.35	113290.35
2018-10-29	237622.95	311117.95	111925.75
2018-10-30	231401.1	306604.35	110490.45
2018-10-31	224091.35	298729.75	108479.8
2018-11-01	218448.15	293335.65	106837.55
2018-11-02	212894.45	285280.4	106377.2
2018-11-05	211483.15	279398.05	105753.05
2018-11-06	204252.55	270866.2	104564.85
2018-11-07	201730.8	265957.45	104361.8
2018-11-08	191248.65	254934.6	100325.9
2018-11-09	186933.65	247370.3	99610.7
2018-11-12	183880.8	242293.55	98256.0
2018-11-13	181936.0	237742.35	96748.95
2018-11-14	179583.0	238350.65	95559.6
2018-11-15	176979.25	243612.6	94396.55
2018-11-16	172068.1	240482.45	91462.7
2018-11-19	167791.3	233415.05	88070.8
2018-11-20	161385.55	223184.25	84788.15
2018-11-21	153975.35	212711.9	80822.7
2018-11-22	146458.2	203682.05	76306.6
2018-11-23	139233.85	192437.05	70642.35
2018-11-26	138477.8	191580.9	70284.85
2018-11-27	139752.25	193537.85	70191.55
2018-11-28	141390.25	193974.4	70321.95
2018-11-29	141574.95	192209.7	69957.9
2018-11-30	140581.5	192648.8	68945.2
2018-12-03	140872.85	193995.55	69139.0
2018-12-04	142106.5	197021.15	69978.25
2018-12-05	136787.95	195358.05	67940.4
2018-12-06	137218.0	197655.45	69057.2
2018-12-07	138786.25	200622.95	68942.05
2018-12-10	139567.6	202687.75	69003.95
2018-12-11	138215.55	202007.65	68646.45
2018-12-12	135952.45	200536.2	67319.2
2018-12-13	132171.35	190690.2	64751.45
2018-12-14	129981.5	189545.35	63848.1
2018-12-17	129884.25	191661.4	64058.35
2018-12-18	129137.8	192971.3	63813.15
2018-12-19	131456.05	197081.1	64488.15
2018-12-20	135409.4	200552.65	66190.7
2018-12-21	138308.1	204637.9	67311.05
2018-12-24	138797.1	205056.3	67544.35
2018-12-26	136037.55	198776.95	66088.35
2018-12-27	137528.75	202630.15	67018.15
2018-12-28	137904.9	201325.65	66830.05
2018-12-31	135932.15	198654.2	67371.15
2019-01-02	137107.7	199592.65	68529.1
2019-01-03	140752.85	198996.9	70180.1
2019-01-04	144402.25	200227.6	71770.7
2019-01-07	141829.55	195341.15	69809.3
2019-01-08	138747.35	190220.9	68762.3
2019-01-09	139385.2	188650.9	68835.6
2019-01-10	140481.25	186944.65	68284.45
2019-01-11	139525.15	183499.5	68124.0
2019-01-14	138496.2	183719.15	67775.0
2019-01-15	140310.6	186867.65	68157.95
2019-01-16	140906.2	187533.95	68178.6
2019-01-17	141255.1	187726.9	68137.05
2019-01-18	138605.55	184679.0	67585.95
2019-01-21	132461.5	179324.45	66025.4
2019-01-22	129914.6	176097.25	65729.35
2019-01-23	129344.0	178024.15	66558.85
2019-01-24	131982.6	182601.35	68837.7
2019-01-25	130258.5	180889.95	68494.45
2019-01-28	128012.7	181648.55	68500.7
2019-01-29	130286.15	188510.6	68756.35
2019-01-30	130135.4	189546.4	68882.7
2019-01-31	126646.65	187914.75	67222.25
2019-02-01	124563.55	187244.55	66755.75
2019-02-04	123840.0	188875.9	66641.45
2019-02-05	123267.8	188851.6	66425.25
2019-02-06	119508.75	185434.45	66162.6
2019-02-07	116436.95	184661.65	66146.75
2019-02-08	113779.6	180347.3	65777.25
2019-02-11	112399.5	178543.7	65827.45
2019-02-12	108746.55	172703.6	65360.6
2019-02-13	107113.65	170299.3	66194.7
2019-02-14	106495.5	169497.95	66235.65
2019-02-15	105865.4	169074.7	65638.4
2019-02-18	104925.2	167779.2	64078.5
2019-02-19	104706.25	167093.25	63366.9
2019-02-20	104377.9	166244.35	62284.5
2019-02-21	104389.8	166588.0	62467.2
2019-02-22	101818.4	163568.1	62058.8
2019-02-25	101298.9	163582.55	62341.65
2019-02-26	100267.5	162053.85	61580.45
2019-02-27	98444.65	161425.45	60555.25
2019-02-28	97846.35	161544.55	60239.45
2019-03-01	97590.55	161483.95	59229.55
2019-03-04	97474.6	161877.4	59454.8
2019-03-05	97091.65	164408.7	59467.5
2019-03-06	96878.35	165430.25	58897.75
2019-03-07	98454.65	166464.85	59170.5
2019-03-08	100310.4	170320.55	59557.4
2019-03-11	100545.35	173126.9	59476.65
2019-03-12	102235.15	179379.25	59200.95
2019-03-13	102537.95	181241.05	58077.25
2019-03-14	102128.65	182974.15	57643.85
2019-03-15	101092.05	183530.75	57534.55
2019-03-18	102086.7	185642.45	58914.25
2019-03-19	100089.55	185127.55	58750.45
2019-03-20	100976.65	186422.2	58891.2
2019-03-21	100512.05	188488.25	58606.95
2019-03-22	102796.0	192354.55	59278.65
2019-03-25	102770.95	193960.9	59420.5
2019-03-26	102374.85	191863.0	60084.2
2019-03-27	103112.6	194409.8	61633.0
2019-03-28	102235.5	196892.1	62042.25
2019-03-29	102317.0	199833.45	62471.55
2019-04-01	102544.5	201058.15	62688.7
2019-04-02	102443.0	202805.1	62801.65
2019-04-03	102828.2	204781.45	62491.45
2019-04-04	100647.3	205151.95	61319.55
2019-04-05	98704.6	203954.8	60638.9
2019-04-08	97655.95	201246.4	60225.6
2019-04-09	95598.35	196316.85	60104.9
2019-04-10	95680.35	194352.65	60600.3
2019-04-11	94119.5	191146.05	60408.4
2019-04-12	94123.15	189152.65	60805.9
2019-04-15	94233.75	188237.05	60592.0
2019-04-16	95521.05	188622.2	61047.5
2019-04-17	93518.3	185657.7	61104.2
2019-04-18	92636.65	183164.85	59377.0
2019-04-19	86997.5	178178.3	56235.55
2019-04-22	83879.1	171530.45	53906.25
2019-04-23	82262.7	168863.45	52004.5
2019-04-24	81287.2	164362.9	49900.55
2019-04-25	80126.15	159907.4	48125.25
2019-04-26	79412.8	158021.35	47369.7
2019-04-29	77460.85	153578.65	45832.05
2019-04-30	77741.95	150106.8	45236.5
2019-05-01	77971.8	145901.55	44956.65
2019-05-02	78276.0	143900.1	44911.05
2019-05-03	79216.3	143278.75	44785.95
2019-05-06	80162.1	142295.6	45486.45
2019-05-07	80654.7	140740.5	46383.6
2019-05-08	80511.7	141418.65	47189.5
2019-05-09	81903.1	141010.55	47620.2
2019-05-10	81837.4	140700.6	49224.1
2019-05-13	82004.9	140398.2	50031.6
2019-05-14	80351.85	138327.95	49519.8
2019-05-15	80121.8	137347.5	49253.85
2019-05-16	77854.7	133029.0	49645.0
2019-05-17	79502.9	131714.1	51139.65
2019-05-20	80419.1	133079.2	52253.15
2019-05-21	79940.45	133562.15	53281.95
2019-05-22	77266.5	132142.25	52654.85
2019-05-23	76512.7	132102.15	53422.6
2019-05-24	74206.65	128944.05	53292.55
2019-05-27	72615.85	129127.35	52774.55
2019-05-28	71017.2	130110.35	52482.5
2019-05-29	69744.8	131304.7	52527.6
2019-05-30	68033.1	129626.6	52443.95
2019-05-31	67803.5	129307.1	53700.05
2019-06-03	67893.2	129963.05	54648.8
2019-06-04	68445.65	130511.6	55749.55
2019-06-05	69411.4	129449.9	56366.15
2019-06-06	70551.6	131532.15	57738.6
2019-06-07	71547.25	133667.25	56823.5
2019-06-10	71239.8	135634.8	56624.3
2019-06-11	72328.75	140553.15	57012.2
2019-06-12	73226.2	144538.45	57496.5
2019-06-13	74492.6	149363.8	57767.2
2019-06-14	77044.2	153885.0	58767.45
2019-06-17	78097.05	156919.95	58918.95
2019-06-18	81542.25	159991.75	59785.35
2019-06-19	85455.0	163474.75	61302.65
2019-06-20	88844.25	168279.25	62745.3
2019-06-21	92592.4	173211.0	63806.25
2019-06-24	95149.2	174811.35	65316.3
2019-06-25	98961.65	175568.6	68113.65
2019-06-26	100250.6	179020.7	69567.35
2019-06-27	101815.6	182515.1	71143.6
2019-06-28	101706.55	183993.3	70715.6
2019-07-01	102349.85	185623.05	70425.7
2019-07-02	101230.4	186416.7	69302.85
2019-07-03	99529.7	186048.15	67803.1
2019-07-04	95102.95	181186.95	64956.1
2019-07-05	94018.25	178963.45	64488.1
2019-07-08	93450.85	175569.2	63819.15
2019-07-09	92113.15	170417.75	63214.25
2019-07-10	91898.9	167514.9	63523.65
2019-07-11	92091.5	165007.1	64074.9
2019-07-12	89793.45	161108.55	63460.95
2019-07-15	89030.5	158400.85	63543.8
2019-07-16	85808.65	154913.15	62731.5
2019-07-17	82126.25	151376.1	61636.1
2019-07-18	79833.05	147408.4	60241.5
2019-07-19	77511.95	142327.05	60079.6
2019-07-22	76607.3	141464.45	59650.65
2019-07-23	73004.55	139183.55	57028.9
2019-07-24	72009.9	136643.0	55318.95
2019-07-25	74294.45	135986.15	54827.25
2019-07-26	73306.25	134705.95	53593.55
2019-07-29	70886.05	132247.05	51572.65
2019-07-30	70539.95	132157.5	50436.55
2019-07-31	73464.15	135574.4	52147.9
2019-08-01	79899.1	142984.2	55399.3
2019-08-02	84313.25	146996.65	57149.6
2019-08-05	88464.3	153388.25	59744.05
2019-08-06	92054.3	158276.7	62825.3
2019-08-07	95139.85	161716.65	66296.4
2019-08-08	97451.15	162485.7	67759.75
2019-08-09	98273.1	164659.6	67923.15
2019-08-12	99932.4	170402.5	69170.6
2019-08-13	103047.9	174732.95	71159.15
2019-08-14	105831.5	178612.55	72889.2
2019-08-15	108361.75	181068.95	74758.15
2019-08-16	109937.9	184655.55	75231.95
2019-08-19	110236.35	185533.2	76076.9
2019-08-20	110265.15	186420.15	76598.35
2019-08-21	110236.85	185270.85	76602.95
2019-08-22	108112.65	186434.95	76366.0
2019-08-23	111204.05	189118.95	79760.4
2019-08-26	115666.7	193056.9	84990.45
2019-08-27	116700.1	193850.75	86291.3
2019-08-28	114175.15	194455.75	85109.95
2019-08-29	111594.5	191636.4	83761.55
2019-08-30	108772.75	189714.55	82927.95
2019-09-02	105430.3	187110.7	80488.0
2019-09-03	104826.7	188479.35	78700.15
2019-09-04	102239.85	187648.35	74248.95
2019-09-05	100946.35	190170.85	72225.65
2019-09-06	101677.4	190155.55	71966.45
2019-09-09	101355.2	187679.1	70543.4
2019-09-10	98792.45	184399.8	68044.45
2019-09-11	96912.0	181456.1	66103.4
2019-09-12	98168.1	181530.0	64161.9
2019-09-13	97357.95	179607.15	62384.85
2019-09-16	98558.2	179750.95	61641.65
2019-09-17	100545.25	179465.35	60898.65
2019-09-18	101854.55	180436.05	61238.35
2019-09-19	102563.65	179468.8	61609.9
2019-09-20	100797.35	177825.4	59268.3
2019-09-23	98555.35	174726.2	55301.85
2019-09-24	98897.6	173651.8	55449.55
2019-09-25	99441.55	170210.8	55688.55
2019-09-26	98830.95	168695.8	56196.8
2019-09-27	97884.15	166900.65	55809.2
2019-09-30	98737.7	164839.4	56633.45
2019-10-01	98513.8	161715.65	57073.25
2019-10-02	98662.55	159452.4	57807.65
2019-10-03	98809.95	158533.8	58644.15
2019-10-04	98879.2	157385.8	59608.6
2019-10-07	98663.05	155530.05	60657.55
2019-10-08	99840.35	156329.8	61894.35
2019-10-09	99971.55	157930.1	62073.6
2019-10-10	97136.9	159514.0	62216.95
2019-10-11	98421.2	166789.05	63584.8
2019-10-14	97134.55	167394.0	63742.55
2019-10-15	97544.35	171850.95	64250.5
2019-10-16	98560.05	176676.7	64560.45
2019-10-17	99559.1	180335.85	63948.45
2019-10-18	98702.95	180200.6	62952.95
2019-10-21	97421.4	181959.2	62294.0
2019-10-22	96441.4	184296.05	61229.4
2019-10-23	94872.2	185017.75	59462.0
2019-10-24	94448.3	185614.6	57777.25
2019-10-25	92500.95	184291.2	55781.35
2019-10-28	90746.65	183268.6	54555.15
2019-10-29	88241.8	181864.65	53071.6
2019-10-30	87986.15	181167.9	53198.5
2019-10-31	87150.7	179618.05	53135.1
2019-11-01	85783.8	178673.95	52227.25
2019-11-04	84990.8	177464.5	51185.15
2019-11-05	83733.4	175092.0	50725.5
2019-11-06	82751.9	171562.75	50393.0
2019-11-07	81201.85	166402.65	49937.05
2019-11-08	77786.1	155785.45	48553.7
2019-11-11	76716.1	153068.6	47632.7
2019-11-12	73782.75	147202.4	47161.0
2019-11-13	70825.55	139833.25	47199.0
2019-11-14	67669.55	132281.4	46769.75
2019-11-15	66318.95	128255.4	46500.95
2019-11-18	65294.4	124561.15	46372.25
2019-11-19	63744.95	119475.4	45944.85
2019-11-20	63536.5	116586.6	46343.0
2019-11-21	61829.95	114248.5	46653.0
2019-11-22	62345.7	114400.1	46941.1
2019-11-25	62360.5	113870.95	46960.6
2019-11-26	61808.4	111991.3	46675.05
2019-11-27	59537.85	111218.25	45249.75
2019-11-28	56882.45	108416.25	43470.05
2019-11-29	55494.45	107222.5	42390.55
2019-12-02	55548.0	107435.2	42296.6
2019-12-03	54361.95	106403.65	41508.65
2019-12-04	54891.2	107692.65	41813.4
2019-12-05	53097.4	105592.95	41360.5
2019-12-06	52939.75	105274.4	41531.65
2019-12-09	52599.95	104428.25	42529.5
2019-12-10	52068.1	103095.9	42914.3
2019-12-11	51951.9	103745.3	43146.7
2019-12-12	53159.2	107393.5	44352.0
2019-12-13	56836.65	114750.95	47657.5
2019-12-16	56985.35	115332.8	48333.85
2019-12-17	57654.0	118387.45	49222.75
2019-12-18	57185.25	121073.6	49381.8
2019-12-19	57404.85	122593.5	49641.0
2019-12-20	56806.95	121923.4	50021.95
2019-12-23	56714.35	123992.4	51184.55
2019-12-24	58827.55	123688.05	51729.0
2019-12-26	57815.65	120510.2	50726.9
2019-12-27	59201.35	121541.05	51695.35
2019-12-30	60085.0	121795.55	52345.35
2019-12-31	60158.6	122246.95	52583.95
2020-01-02	60846.0	123609.7	53555.05
2020-01-03	61030.55	123498.15	54018.2
2020-01-06	61433.9	124241.95	54314.55
2020-01-07	62052.85	125519.2	54404.25
2020-01-08	65086.0	128717.6	55626.4
2020-01-09	65589.0	130096.95	55093.2
2020-01-10	65314.55	129433.55	54348.2
2020-01-13	63410.1	125779.25	53053.65
2020-01-14	60086.95	119867.2	50239.55
2020-01-15	59998.1	119069.55	49620.45
2020-01-16	59763.6	115788.55	48871.3
2020-01-17	60191.0	112790.75	48483.8
2020-01-20	58806.45	108936.55	47059.95
2020-01-21	58682.3	108168.2	46644.45
2020-01-22	58779.5	106521.8	45135.45
2020-01-23	57599.9	106430.75	44604.5
2020-01-24	58890.55	108820.95	45439.45
2020-01-27	58894.3	107039.4	44690.4
2020-01-28	57697.5	105929.9	43985.6
2020-01-29	56896.4	103586.35	43252.4
2020-01-30	56224.15	102630.2	42186.8
2020-01-31	55871.8	101257.6	41427.9
2020-02-03	55937.35	101165.8	41521.4
2020-02-04	55123.75	100692.5	41662.85
2020-02-05	52813.05	97420.0	40320.1
2020-02-06	52557.2	95283.3	40027.55
2020-02-07	52928.9	95179.7	39708.95
2020-02-10	52930.05	94947.7	40032.95
2020-02-11	52594.95	93836.8	39921.8
2020-02-12	52645.15	93716.4	40634.85
2020-02-13	52678.0	94836.0	41327.05
2020-02-14	52022.6	94876.25	40967.8
2020-02-17	52022.4	94896.35	41045.25
2020-02-18	52660.7	95903.3	41183.75
2020-02-19	52931.35	95649.1	41571.65
2020-02-20	53121.35	96272.15	42155.25
2020-02-21	54221.6	96538.55	43084.55
2020-02-24	55766.8	97752.05	44564.45
2020-02-25	59001.85	100217.75	45991.55
2020-02-26	62541.2	103854.6	47925.1
2020-02-27	67008.45	106271.05	49872.5
2020-02-28	73215.9	111877.9	54027.15
2020-03-02	80984.35	117532.2	56723.3
2020-03-03	89727.45	122572.6	60171.85
2020-03-04	94335.2	125603.25	61194.35
2020-03-05	98279.6	127517.35	62104.7
2020-03-06	107656.8	132493.6	64530.35
2020-03-09	130766.45	147306.05	73617.2
2020-03-10	150051.85	157168.45	78614.45
2020-03-11	162315.35	163076.85	81159.2
2020-03-12	184367.05	171033.7	92203.75
2020-03-13	205091.25	182042.35	99085.4
2020-03-16	241355.65	199384.6	107353.0
2020-03-17	263143.3	216096.0	113066.2
2020-03-18	288291.85	230139.9	121936.1
2020-03-19	320059.9	250742.1	130865.1
2020-03-20	352584.45	262215.1	138709.45
2020-03-23	379410.25	272462.65	147466.3
2020-03-24	395973.25	283074.7	153335.85
2020-03-25	408557.9	290926.25	157626.45
2020-03-26	418532.85	298924.9	163040.95
2020-03-27	425470.8	304582.9	165127.85
2020-03-30	426708.9	303998.55	167945.25
2020-03-31	430214.45	306103.85	172251.2
2020-04-01	433078.3	307550.0	174950.75
2020-04-02	437327.15	310941.85	178067.2
2020-04-03	433669.6	309032.35	178848.2
2020-04-06	416818.1	296364.55	172721.55
2020-04-07	404057.0	290045.9	171709.45
2020-04-08	396718.7	284657.75	171351.4
2020-04-09	379984.35	277405.4	162453.95
2020-04-10	360469.7	262770.7	155796.75
2020-04-13	327609.3	245656.05	148974.0
2020-04-14	309154.2	229232.95	145017.3
2020-04-15	287611.05	216014.75	138703.3
2020-04-16	259802.7	196076.4	132432.9
2020-04-17	230954.9	184882.95	127245.2
2020-04-20	204839.1	174061.65	118781.75
2020-04-21	189331.5	163660.1	114458.55
2020-04-22	175678.1	154140.85	110110.3
2020-04-23	165127.25	144061.8	104925.25
2020-04-24	152855.75	132630.55	99185.4
2020-04-27	144312.2	125853.15	92901.25
2020-04-28	133560.35	117960.25	85314.7
2020-04-29	127642.15	113669.65	81571.65
2020-04-30	122680.1	110375.85	79282.9
2020-05-01	118280.4	107144.9	76674.8
2020-05-04	114246.65	105600.55	74292.8
2020-05-05	109978.15	102709.1	70997.9
2020-05-06	106846.65	102044.65	69048.75
2020-05-07	103835.8	101429.8	67581.8
2020-05-08	104443.2	104301.05	68597.85
2020-05-11	103452.75	106496.6	68587.8
2020-05-12	101386.7	107089.45	67927.85
2020-05-13	99640.4	108337.05	68100.45
2020-05-14	96271.4	108696.8	66291.7
2020-05-15	92895.2	109177.5	64541.7
2020-05-18	91261.5	110263.0	63256.05
2020-05-19	89021.85	109133.9	61384.5
2020-05-20	87937.95	109383.7	60873.95
2020-05-21	85234.4	108408.45	60099.1
2020-05-22	84506.8	108227.05	60523.1
2020-05-25	83193.6	107982.4	60523.95
2020-05-26	83089.45	108897.7	61183.3
2020-05-27	85773.95	112626.6	63653.55
2020-05-28	85816.5	113506.8	64710.6
2020-05-29	88783.7	118073.75	67796.75
2020-06-01	89982.65	119659.35	69132.9
2020-06-02	91975.85	121925.95	71178.1
2020-06-03	95316.1	125781.95	74639.7
2020-06-04	98641.8	128390.45	76955.4
2020-06-05	102558.25	133238.5	79855.3
2020-06-08	104547.7	134152.9	80943.45
2020-06-09	107113.35	135771.05	82844.95
2020-06-10	110300.2	138484.1	84151.3
2020-06-11	116476.55	144053.05	87918.8
2020-06-12	121759.05	149432.2	92181.7
2020-06-15	126641.5	154486.65	97682.75
2020-06-16	130712.0	159543.85	102186.1
2020-06-17	134375.7	162562.15	104885.3
2020-06-18	137612.3	166452.7	107546.05
2020-06-19	140713.3	169073.7	110221.65
2020-06-22	143871.1	172018.75	112756.25
2020-06-23	147051.7	174753.95	115448.75
2020-06-24	146398.95	174469.4	116666.55
2020-06-25	146537.3	175152.6	117393.05
2020-06-26	143452.2	171955.7	115991.8
2020-06-29	142459.3	170820.3	116362.55
2020-06-30	141121.25	169662.0	116238.15
2020-07-01	138522.8	167671.45	114381.35
2020-07-02	135035.8	165338.9	113101.95
2020-07-03	130518.65	161245.75	110222.35
2020-07-06	128437.2	160308.05	109938.95
2020-07-07	125887.35	158724.4	109153.95
2020-07-08	122457.3	155346.3	108061.95
2020-07-09	117536.3	150366.35	105954.35
2020-07-10	112229.1	144578.9	102645.4
2020-07-13	107610.3	139871.3	98985.7
2020-07-14	104549.95	136885.95	97499.5
2020-07-15	101257.95	135295.8	96042.95
2020-07-16	98404.15	132327.45	94023.9
2020-07-17	94930.1	129531.7	91051.7
2020-07-20	94084.1	128535.95	89636.35
2020-07-21	91418.3	126323.55	87668.95
2020-07-22	90622.55	124269.2	86501.0
2020-07-23	89557.5	123019.25	86302.4
2020-07-24	90124.65	122337.3	86582.1
2020-07-27	90730.55	122794.05	85721.8
2020-07-28	90730.05	122519.1	85592.0
2020-07-29	91053.7	122058.55	85479.7
2020-07-30	91775.55	122503.45	85828.0
2020-07-31	95304.6	125970.95	89391.55
2020-08-03	96434.2	127015.05	89428.65
2020-08-04	96711.8	126109.35	88542.65
2020-08-05	96959.55	125263.4	87451.3
2020-08-06	97173.9	125851.35	86430.6
2020-08-07	98643.05	127256.6	86580.0
2020-08-10	98149.95	125620.7	85063.9
2020-08-11	98427.45	124437.4	83444.75
2020-08-12	99873.6	124940.3	83491.0
2020-08-13	100456.25	124878.55	83332.75
2020-08-14	101340.5	125721.8	83561.25
2020-08-17	100418.8	125137.0	83999.3
2020-08-18	101070.15	124983.7	84212.3
2020-08-19	101569.35	126184.45	84495.4
2020-08-20	102427.7	126920.75	84700.95
2020-08-21	103054.4	128167.55	84989.7
2020-08-24	102482.55	126616.5	84820.75
2020-08-25	101903.6	124895.35	83838.65
2020-08-26	101306.2	123382.45	83590.15
2020-08-27	104173.75	124033.05	84495.9
2020-08-28	104823.8	121995.45	83428.4
2020-08-31	106186.7	120518.4	84428.05
2020-09-01	109308.35	121953.6	86538.9
2020-09-02	111279.6	122203.95	87474.75
2020-09-03	112797.85	121408.2	88252.7
2020-09-04	114714.15	121014.95	89491.5
2020-09-07	114289.95	120214.2	89379.0
2020-09-08	115678.3	120130.35	89582.0
2020-09-09	116176.65	119449.6	89474.0
2020-09-10	118677.6	121849.45	90078.35
2020-09-11	119993.9	123102.1	90796.1
2020-09-14	120226.8	124066.95	90347.55
2020-09-15	119353.8	123683.25	89205.3
2020-09-16	119795.05	123337.05	88082.45
2020-09-17	121085.7	123363.25	87145.45
2020-09-18	120575.25	121976.35	85757.65
2020-09-21	122004.8	124084.55	86141.7
2020-09-22	123909.3	126869.35	86587.05
2020-09-23	125252.05	129948.95	86423.1
2020-09-24	123203.95	130702.3	84607.6
2020-09-25	121190.95	131286.4	83449.85
2020-09-28	119532.85	132557.1	80715.9
2020-09-29	116639.3	132216.7	77678.4
2020-09-30	116210.55	134598.6	77174.1
2020-10-01	115152.3	136848.05	75690.5
2020-10-02	114862.85	139325.25	74449.8
2020-10-05	116446.2	141280.9	74263.7
2020-10-06	116076.7	142432.55	73662.7
2020-10-07	115705.4	142919.8	72203.15
2020-10-08	112868.8	140525.2	70104.7
2020-10-09	112183.2	139561.35	68574.15
2020-10-12	112257.7	138672.25	67830.55
2020-10-13	112850.0	139170.05	67563.35
2020-10-14	111242.1	138990.1	66629.4
2020-10-15	109440.05	139119.9	65706.8
2020-10-16	109127.25	140958.55	65067.95
2020-10-19	107487.25	140808.65	63399.6
2020-10-20	105228.9	139498.6	61877.9
2020-10-21	104595.35	139129.9	61105.1
2020-10-22	102779.4	137066.7	60282.05
2020-10-23	101547.9	135833.05	58759.85
2020-10-26	101251.15	135990.4	60142.85
2020-10-27	100312.55	134959.0	60333.3
2020-10-28	99822.9	134388.95	60126.2
2020-10-29	99544.85	133459.5	60665.9
2020-10-30	98177.1	132043.65	60144.75
2020-11-02	97939.3	132589.3	61404.5
2020-11-03	95974.75	130456.6	60934.6
2020-11-04	103060.6	137644.7	67238.45
2020-11-05	106582.45	142199.4	70114.75
2020-11-06	109889.7	146090.2	72658.4
2020-11-09	115723.8	152420.15	76363.65
2020-11-10	118721.35	156284.8	78085.65
2020-11-11	118751.95	156913.35	78728.9
2020-11-12	118396.05	156157.0	78158.6
2020-11-13	117303.05	154186.45	77652.35
2020-11-16	117470.4	153746.65	77953.15
2020-11-17	117050.8	153655.15	77939.05
2020-11-18	115590.55	151528.15	77521.55
2020-11-19	115224.95	151306.3	77509.35
2020-11-20	114526.9	150866.4	77827.6
2020-11-23	114255.05	150098.25	77097.75
2020-11-24	114874.25	150810.8	77632.85
2020-11-25	113969.95	149235.05	76520.45
2020-11-26	110788.6	144727.05	74176.5
2020-11-27	108009.2	141295.15	72117.9
2020-11-30	108026.95	141295.45	71331.35
2020-12-01	108754.05	141620.35	70710.7
2020-12-02	101577.15	133499.75	64470.0
2020-12-03	98536.6	128254.45	61570.05
2020-12-04	96238.05	125070.5	59736.6
2020-12-07	92000.65	120366.6	56668.45
2020-12-08	89187.45	117084.55	54768.6
2020-12-09	89314.6	115242.65	53947.5
2020-12-10	90534.1	115351.4	54301.0
2020-12-11	91755.2	116182.3	54651.7
2020-12-14	91422.35	116069.9	54136.8
2020-12-15	91812.9	116579.3	53976.4
2020-12-16	93024.55	117587.05	54087.35
2020-12-17	93174.0	117352.8	53401.2
2020-12-18	93296.5	117075.95	52729.65
2020-12-21	96236.05	119444.7	54678.85
2020-12-22	97135.35	120120.75	54863.5
2020-12-23	97790.25	121215.75	55412.45
2020-12-24	98394.0	122236.25	55867.75
2020-12-28	99723.6	122498.7	56350.55
2020-12-29	98793.3	121800.3	55741.55
2020-12-30	98137.7	121451.35	55592.2
2020-12-31	96778.7	121061.95	55454.45
2021-01-04	97521.0	122855.55	57203.5
2021-01-05	97070.45	123099.25	58762.95
2021-01-06	99975.55	125660.5	62756.6
2021-01-07	100767.05	125529.1	65016.35
2021-01-08	102951.7	127960.15	67790.05
2021-01-11	102114.25	127568.95	68684.25
2021-01-12	101972.8	127512.3	69786.3
2021-01-13	102340.9	127207.85	71002.2
2021-01-14	103470.4	126804.6	72099.4
2021-01-15	102900.5	126587.3	73171.95
2021-01-18	101879.6	125297.05	73642.5
2021-01-19	101902.9	125281.9	74606.65
2021-01-20	98987.5	122861.6	73467.5
2021-01-21	97971.25	121351.9	73835.3
2021-01-22	96248.6	118954.95	73768.9
2021-01-25	95335.05	117433.95	73785.75
2021-01-26	93157.6	115273.1	72981.75
2021-01-27	92462.05	113262.45	73554.55
2021-01-28	91104.25	111451.45	73779.65
2021-01-29	90133.15	109470.6	74237.7
2021-02-01	87105.95	105683.95	72595.4
2021-02-02	84490.35	102095.15	70276.7
2021-02-03	78294.8	96012.6	65611.55
2021-02-04	74690.75	92454.35	62824.3
2021-02-05	70158.45	87656.85	59315.65
2021-02-08	67224.85	84211.35	57186.85
2021-02-09	64985.45	81062.95	55556.2
2021-02-10	62429.15	77776.1	54368.9
2021-02-11	58531.3	73922.25	52620.1
2021-02-12	55852.5	70637.9	50469.95
2021-02-15	54083.85	68587.35	49094.3
2021-02-16	52658.0	67069.15	48205.7
2021-02-17	51242.8	65189.4	47485.85
2021-02-18	49197.1	63161.5	46580.2
2021-02-19	47861.85	61665.25	45935.35
2021-02-22	48169.15	61837.85	46484.8
2021-02-23	48575.8	62552.6	47821.9
2021-02-24	48786.35	63192.75	48359.95
2021-02-25	49646.15	64627.05	49752.6
2021-02-26	51303.2	67276.95	52014.45
2021-03-01	51889.05	68681.6	52790.65
2021-03-02	52583.8	69677.0	53820.6
2021-03-03	53496.8	70521.15	54667.9
2021-03-04	55189.0	72071.35	56202.75
2021-03-05	56621.25	73306.0	57500.15
2021-03-08	57994.05	75440.95	59024.05
2021-03-09	59210.85	77301.85	60158.05
2021-03-10	60412.75	79265.6	61008.8
2021-03-11	61986.2	80970.35	61958.15
2021-03-12	63235.6	82423.8	63374.2
2021-03-15	64254.2	83813.25	64478.95
2021-03-16	64395.05	83709.25	64106.0
2021-03-17	64354.1	83625.05	63795.1
2021-03-18	65491.45	84719.6	64069.7
2021-03-19	66033.3	85445.3	64203.45
2021-03-22	65799.65	85297.8	63212.4
2021-03-23	65823.45	85378.35	62373.7
2021-03-24	65103.95	84197.7	60736.05
2021-03-25	63748.65	82263.55	58653.25
2021-03-26	60989.15	78372.9	54765.65
2021-03-29	60105.05	76434.3	53148.45
2021-03-30	59181.15	75004.45	51773.6
2021-03-31	58552.35	73912.15	50507.25
2021-04-01	56909.1	72027.15	48473.4
2021-04-02	54030.3	69531.75	45724.7
2021-04-05	51797.25	66161.5	43307.9
2021-04-06	50339.3	63801.25	41478.7
2021-04-07	49561.2	62124.45	40251.85
2021-04-08	48420.85	60463.65	39302.9
2021-04-09	47371.05	58519.75	38014.1
2021-04-12	46871.9	56972.3	37204.5
2021-04-13	46813.65	55747.35	37006.4
2021-04-14	45906.05	53664.85	36480.7
2021-04-15	44369.85	51316.7	34923.65
2021-04-16	43214.35	49311.15	33415.1
2021-04-19	42882.9	48643.75	33130.25
2021-04-20	42346.7	47394.75	32518.2
2021-04-21	41533.55	46319.35	31962.8
2021-04-22	41018.15	45295.65	31382.25
2021-04-23	40753.9	44725.75	31049.1
2021-04-26	40140.35	43973.4	30645.1
2021-04-27	39614.75	43192.85	30092.4
2021-04-28	39424.15	42816.35	29889.65
2021-04-29	39252.55	42438.7	29947.35
2021-04-30	40174.05	42880.15	30637.8
2021-05-03	40322.3	43030.15	30783.1
2021-05-04	40245.8	43064.5	30912.45
2021-05-05	39456.0	42321.35	30431.7
2021-05-06	39288.15	42394.4	30220.4
2021-05-07	39488.9	42662.35	30095.5
2021-05-10	39574.65	43001.75	29795.35
2021-05-11	39501.4	43471.3	29666.1
2021-05-12	40493.55	44744.25	29859.9
2021-05-13	41386.35	45530.7	30333.1
2021-05-14	41835.8	45789.7	30570.5
2021-05-17	41750.55	45536.55	30439.2
2021-05-18	41739.4	45750.25	30125.85
2021-05-19	43013.9	46886.05	30889.3
2021-05-20	43056.05	47085.2	30790.7
2021-05-21	43551.7	47895.1	31070.05
2021-05-24	44012.75	48758.35	31351.55
2021-05-25	44781.15	49872.45	31825.75
2021-05-26	44943.4	50356.75	32266.35
2021-05-27	45281.45	51074.75	32319.3
2021-05-28	45629.95	52418.05	32656.4
2021-05-31	45356.95	52804.45	32460.05
2021-06-01	45320.45	53567.95	32297.25
2021-06-02	45659.8	54519.45	32423.95
2021-06-03	46064.8	55496.2	32670.85
2021-06-04	45882.5	56188.0	32578.8
2021-06-07	45308.55	56454.75	32504.35
2021-06-08	44938.75	56507.7	32166.9
2021-06-09	43878.35	55908.1	31465.1
2021-06-10	43518.8	56103.15	31073.35
2021-06-11	43342.9	56491.45	30909.3
2021-06-14	43088.05	56698.1	30864.75
2021-06-15	42937.9	56974.5	31266.15
2021-06-16	42520.15	56903.15	31172.25
2021-06-17	43743.9	58249.35	32191.1
2021-06-18	44928.25	59228.05	33027.05
2021-06-21	45279.8	59050.45	33138.45
2021-06-22	45197.15	58713.8	32956.25
2021-06-23	45412.2	59169.0	32604.0
2021-06-24	45475.95	59281.65	32599.5
2021-06-25	45390.0	58394.85	32360.8
2021-06-28	46288.2	58698.85	33051.75
2021-06-29	46517.95	58011.75	33225.05
2021-06-30	47021.25	57931.9	33291.05
2021-07-01	47202.45	57594.55	33074.25
2021-07-02	47660.4	57399.2	33181.2
2021-07-05	47800.2	56618.8	32991.95
2021-07-06	48694.05	57172.55	33460.85
2021-07-07	49634.25	58177.3	34067.85
2021-07-08	50647.8	59182.35	35072.3
2021-07-09	52648.85	61848.15	36701.4
2021-07-12	53879.7	62937.35	37272.95
2021-07-13	55661.65	64117.8	37941.85
2021-07-14	56584.95	65088.35	38534.4
2021-07-15	56973.65	65860.6	38729.75
2021-07-16	56883.4	65898.15	39135.4
2021-07-19	58650.7	69324.25	40945.2
2021-07-20	60087.8	71605.45	42269.5
2021-07-21	60662.7	72105.9	43219.15
2021-07-22	62042.5	72834.55	44107.6
2021-07-23	62458.1	73784.95	44546.3
2021-07-26	63067.15	74593.0	44905.55
2021-07-27	64148.35	75814.05	45942.55
2021-07-28	65354.4	76759.3	47593.9
2021-07-29	65482.7	76454.2	48251.55
2021-07-30	65765.55	76611.6	49027.2
2021-08-02	66449.2	77537.65	50013.85
2021-08-03	66268.7	77212.35	50519.35
2021-08-04	66257.15	76843.75	50903.2
2021-08-05	65361.15	75681.65	50157.8
2021-08-06	64169.75	72802.5	49237.45
2021-08-09	63823.6	71936.25	49201.85
2021-08-10	62417.8	70203.0	48638.5
2021-08-11	61378.35	68569.25	48120.8
2021-08-12	59455.4	66024.7	47227.9
2021-08-13	57883.9	63791.25	45745.9
2021-08-16	55531.8	59807.25	44097.15
2021-08-17	54519.6	57457.15	43593.2
2021-08-18	54051.9	55947.55	43442.05
2021-08-19	53461.2	54780.85	43764.15
2021-08-20	53154.3	53478.75	43776.75
2021-08-23	52537.05	52261.2	43509.95
2021-08-24	51267.35	50486.7	42708.45
2021-08-25	49903.0	48838.85	41436.85
2021-08-26	49961.35	48372.2	41329.0
2021-08-27	50260.2	47745.25	40840.05
2021-08-30	49719.25	46545.6	40224.1
2021-08-31	50063.6	46718.85	40157.9
2021-09-01	49980.1	46107.3	40158.35
2021-09-02	49603.35	44978.65	40059.9
2021-09-03	49886.5	45204.5	40451.15
2021-09-06	48854.0	44408.5	40896.0
2021-09-07	49437.5	44808.4	41501.65
2021-09-08	50397.25	44996.8	42454.2
2021-09-09	52224.5	45758.15	44448.2
2021-09-10	53120.2	46522.4	46761.35
2021-09-13	53940.1	47115.9	48025.4
2021-09-14	54086.7	47473.9	48956.7
2021-09-15	54077.45	47771.2	48657.7
2021-09-16	53675.8	47640.5	48009.5
2021-09-17	54105.0	48497.8	48547.3
2021-09-20	54541.2	49622.55	49618.3
2021-09-21	55136.4	51300.85	50677.45
2021-09-22	56631.1	53569.5	51901.45
2021-09-23	57194.9	55434.5	52576.3
2021-09-24	56362.15	56112.8	53006.15
2021-09-27	57275.35	57741.3	54239.25
2021-09-28	57526.85	59207.85	55709.8
2021-09-29	58419.3	61308.05	57054.25
2021-09-30	59897.05	63799.35	58921.6
2021-10-01	60324.35	66529.2	60025.4
2021-10-04	61472.45	68983.6	60960.0
2021-10-05	61132.9	70306.75	61306.95
2021-10-06	60896.7	72780.1	61794.6
2021-10-07	59542.1	73471.7	60599.55
2021-10-08	59625.35	74948.4	59821.05
2021-10-11	58869.2	75443.9	58965.65
2021-10-12	58658.9	76197.95	58316.1
2021-10-13	59036.65	76773.0	59042.6
2021-10-14	58660.05	76322.95	58879.65
2021-10-15	58543.95	75568.0	58948.3
2021-10-18	58747.9	74682.95	58611.65
2021-10-19	59190.35	73270.4	58197.35
2021-10-20	58489.05	71498.7	57538.1
2021-10-21	58590.0	69716.6	57497.4
2021-10-22	59661.85	70081.85	57789.25
2021-10-25	59859.5	70043.0	57315.45
2021-10-26	59088.7	68068.1	56080.9
2021-10-27	59151.15	67135.3	55235.1
2021-10-28	59496.25	66948.95	54626.55
2021-10-29	60003.2	64888.6	53786.5
2021-11-01	59718.55	64120.75	52704.0
2021-11-02	59908.45	63047.85	52475.35
2021-11-03	59843.85	61523.25	52331.55
2021-11-04	60533.45	61406.45	52618.65
2021-11-05	60753.15	60487.0	52339.65
2021-11-08	60870.1	59714.35	52096.3
2021-11-09	61034.2	58881.05	51741.85
2021-11-10	62044.75	59507.4	51818.85
2021-11-11	62095.2	59816.6	51974.8
2021-11-12	62227.7	59753.8	51334.6
2021-11-15	62344.45	59791.3	50599.25
2021-11-16	62507.1	60531.85	50353.3
2021-11-17	62868.65	61046.4	50157.4
2021-11-18	62442.35	61339.0	49777.75
2021-11-19	63117.15	61748.1	49814.35
2021-11-22	64084.55	62091.75	50323.7
2021-11-23	65267.15	62837.7	51000.75
2021-11-24	65919.9	62621.45	51164.7
2021-11-25	64088.8	61632.6	49862.35
2021-11-26	65460.35	62917.15	51176.9
2021-11-29	66624.3	62639.05	51795.95
2021-11-30	70025.15	65676.95	54181.65
2021-12-01	71887.65	66612.0	55190.35
2021-12-02	73230.65	66929.6	55870.8
2021-12-03	75303.85	67919.8	56903.45
2021-12-06	76367.5	68256.85	57231.4
2021-12-07	76905.0	68085.1	57404.35
2021-12-08	76830.2	68234.25	57703.7
2021-12-09	77868.7	68473.6	57794.4
2021-12-10	78482.9	68981.55	58187.85
2021-12-13	78501.75	69117.55	58319.95
2021-12-14	78253.65	68351.35	58359.1
2021-12-15	78989.15	68801.25	59892.85
2021-12-16	80228.4	70147.65	61112.1
2021-12-17	79728.3	69116.4	61037.4
2021-12-20	79138.95	68056.9	61362.75
2021-12-21	78423.55	66832.75	60415.7
2021-12-22	77049.7	65700.25	59647.05
2021-12-23	77599.0	64693.9	60365.75
2021-12-24	75777.05	63280.65	61601.15
2021-12-27	74182.4	61241.2	60788.35
2021-12-28	70214.6	56674.05	58603.35
2021-12-29	68120.6	53866.35	56656.65
2021-12-30	66576.5	51985.4	55729.2
2021-12-31	63556.0	49964.75	54020.0
2022-01-03	63481.0	49261.3	53559.0
2022-01-04	63673.3	48985.1	53119.4
2022-01-05	63302.3	47721.15	53022.15
2022-01-06	63440.0	47717.25	53200.95
2022-01-07	62953.75	47277.95	53113.7
2022-01-10	62991.3	47153.2	53561.1
2022-01-11	62794.95	47311.45	53550.25
2022-01-12	61584.3	46035.0	52234.7
2022-01-13	60599.45	44373.4	51116.45
2022-01-14	60485.45	44325.85	51350.1
2022-01-17	59109.4	43695.05	50093.9
2022-01-18	60137.3	44971.6	50898.0
2022-01-19	60833.5	45861.35	51626.8
2022-01-20	61731.35	46545.65	52134.05
2022-01-21	61658.95	46602.0	50764.55
2022-01-24	63709.95	49214.55	52794.15
2022-01-25	65146.65	51250.75	53986.55
2022-01-26	66958.05	53277.45	56016.9
2022-01-27	69107.95	55446.95	57851.65
2022-01-28	71719.4	57312.45	59845.5
2022-01-31	72719.35	58410.95	61213.3
2022-02-01	73055.35	58821.4	62410.45
2022-02-02	72730.45	58613.4	61966.15
2022-02-03	74881.25	60138.2	63109.0
2022-02-04	77248.65	61635.1	64664.65
2022-02-07	78483.8	62051.35	65188.45
2022-02-08	79354.65	62008.15	65228.15
2022-02-09	79558.3	61667.1	64817.9
2022-02-10	82069.6	63700.4	66214.5
2022-02-11	84902.65	65984.0	68176.25
2022-02-14	89165.1	68315.2	70305.9
2022-02-15	89712.4	67998.55	70186.65
2022-02-16	90365.05	68063.35	70427.25
2022-02-17	92334.0	69457.2	71345.4
2022-02-18	92939.85	69358.5	70273.9
2022-02-21	91863.95	68239.05	69244.1
2022-02-22	93736.3	68861.7	69397.75
2022-02-23	92822.35	67821.75	68112.0
2022-02-24	98364.05	71743.2	71504.85
2022-02-25	100441.05	72572.45	72721.75
2022-02-28	104638.15	75157.2	74510.4
2022-03-01	107371.25	76468.65	75082.45
2022-03-02	112077.8	79431.35	76736.65
2022-03-03	112171.05	79065.15	76417.2
2022-03-04	114604.75	80434.4	77402.25
2022-03-07	120791.7	85045.6	80295.25
2022-03-08	127001.35	89152.75	83705.3
2022-03-09	130732.8	91498.1	85225.0
2022-03-10	133227.2	92063.6	84917.6
2022-03-11	133941.6	91557.2	83415.8
2022-03-14	133560.65	90803.3	82901.05
2022-03-15	135800.15	91767.85	83511.85
2022-03-16	139773.95	93771.05	84455.4
2022-03-17	139240.1	93601.8	83645.2
2022-03-18	140536.45	94047.85	83807.9
2022-03-21	141919.5	94636.3	83915.15
2022-03-22	141742.55	94739.1	83611.3
2022-03-23	142570.85	95121.95	83530.45
2022-03-24	137039.6	91059.65	80401.7
2022-03-25	135218.85	90065.95	78572.5
2022-03-28	133098.65	88588.75	77558.0
2022-03-29	134206.75	89436.2	77625.15
2022-03-30	132796.5	87952.55	77675.8
2022-03-31	133658.5	88115.15	78279.6
2022-04-01	130984.95	86169.2	76841.3
2022-04-04	124521.85	81244.8	75662.3
2022-04-05	118905.35	77645.35	73355.9
2022-04-06	117530.15	77103.05	74089.2
2022-04-07	114625.1	75387.55	73292.2
2022-04-08	111872.4	73267.6	72373.9
2022-04-11	110431.7	72690.65	72076.9
2022-04-12	109382.15	72110.4	71432.3
2022-04-13	105855.7	70081.3	70441.65
2022-04-14	107071.15	69512.7	70505.3
2022-04-15	104299.15	71172.35	70729.95
2022-04-18	102852.95	70029.6	69955.35
2022-04-19	102271.5	69159.85	68945.6
2022-04-20	102784.85	69510.05	68568.8
2022-04-21	103583.85	69580.95	67125.4
2022-04-22	103910.65	69985.9	67397.7
2022-04-25	105024.5	71174.15	67290.75
2022-04-26	102703.35	70745.6	66483.45
2022-04-27	103023.25	71681.0	65750.8
2022-04-28	104304.8	72863.6	65585.1
2022-04-29	105614.2	74346.6	65446.95
2022-05-02	106429.05	76013.15	64097.15
2022-05-03	107121.45	77118.35	64308.55
2022-05-04	108298.4	78605.1	63999.4
2022-05-05	110707.0	81364.6	66627.65
2022-05-06	114618.8	85774.4	69825.5
2022-05-09	117140.25	88428.45	71660.1
2022-05-10	118448.75	90440.6	74124.85
2022-05-11	122007.2	93999.3	77342.55
2022-05-12	123971.8	97369.75	80864.25
2022-05-13	126781.1	96599.15	81247.15
2022-05-16	128271.25	98997.55	83212.15
2022-05-17	129214.2	101305.5	84310.15
2022-05-18	129080.6	102447.8	85728.4
2022-05-19	129888.3	105622.2	88567.75
2022-05-20	129938.0	107285.3	90212.5
2022-05-23	127556.75	106215.5	90835.6
2022-05-24	127537.45	107068.45	92618.45
2022-05-25	126286.65	107841.6	95021.5
2022-05-26	122906.7	107421.2	95737.25
2022-05-27	120885.3	106952.25	96241.4
2022-05-30	119243.65	107885.4	96033.4
2022-05-31	120768.9	112797.45	97971.8
2022-06-01	119411.7	115747.7	98612.05
2022-06-02	115862.25	115689.1	97763.0
2022-06-03	111838.4	114231.0	96458.7
2022-06-06	108484.6	114415.05	93932.8
2022-06-07	106371.15	117024.75	92243.2
2022-06-08	102988.95	117292.75	90239.35
2022-06-09	101845.9	120163.85	87256.1
2022-06-10	103019.25	125375.15	87378.0
2022-06-13	106294.6	134470.25	88828.75
2022-06-14	108927.3	144644.4	91396.1
2022-06-15	116006.35	159618.0	94554.25
2022-06-16	120228.15	170347.3	96246.55
2022-06-17	123830.55	179833.7	97600.45
2022-06-20	123662.25	183862.85	96742.65
2022-06-21	123794.8	186404.6	96080.7
2022-06-22	125208.2	190670.2	95550.55
2022-06-23	129204.05	196837.5	96548.75
2022-06-24	131120.8	200167.7	97328.85
2022-06-27	133787.85	202258.6	98617.8
2022-06-28	134239.75	201193.6	97505.3
2022-06-29	136187.45	201891.35	97792.4
2022-06-30	139789.15	204838.65	99752.65
2022-07-01	143774.6	208450.7	101358.65
2022-07-04	144319.55	207933.3	102666.95
2022-07-05	147852.0	209384.35	104702.5
2022-07-06	152696.3	214721.4	107413.95
2022-07-07	153059.45	214151.05	108924.75
2022-07-08	154460.95	213995.05	111305.55
2022-07-11	153667.95	208171.5	109798.8
2022-07-12	153767.05	202367.75	108817.95
2022-07-13	151554.2	195570.55	108692.15
2022-07-14	150795.0	190455.8	108069.9
2022-07-15	149419.75	185673.4	107651.45
2022-07-18	151575.25	185541.9	109093.3
2022-07-19	154665.6	186527.8	110006.15
2022-07-20	155584.95	185772.75	109352.1
2022-07-21	157080.75	187142.05	109977.45
2022-07-22	160239.35	191215.55	110235.6
2022-07-25	161917.7	192549.65	110020.1
2022-07-26	161626.15	192902.3	109135.85
2022-07-27	162082.6	193764.95	109184.95
2022-07-28	163435.65	195782.7	109373.95
2022-07-29	163418.65	197658.85	109031.1
2022-08-01	166429.8	200626.5	109483.55
2022-08-02	166885.5	201803.5	108960.6
2022-08-03	165038.2	199749.85	106168.45
2022-08-04	164680.85	200301.0	104615.95
2022-08-05	163456.65	199807.25	102385.3
2022-08-08	161891.1	198430.55	101158.95
2022-08-09	157991.65	194349.85	98409.25
2022-08-10	155035.95	190239.75	95109.95
2022-08-11	151700.15	186017.9	94128.95
2022-08-12	150041.75	183250.25	91692.0
2022-08-15	148213.75	181333.85	89733.1
2022-08-16	145191.3	179408.9	87844.1
2022-08-17	144655.95	178770.2	88161.6
2022-08-18	141233.0	174017.65	85793.8
2022-08-19	137460.7	169662.85	84377.7
2022-08-22	136013.7	167723.25	83879.05
2022-08-23	137196.0	168334.55	84641.4
2022-08-24	135554.85	166345.7	82866.8
2022-08-25	132622.95	163321.3	80217.7
2022-08-26	132011.1	162918.05	78998.5
2022-08-29	131082.2	159619.95	78282.1
2022-08-30	128838.7	155095.4	77065.45
2022-08-31	127861.25	151226.8	77058.2
2022-09-01	127628.8	148212.9	77697.05
2022-09-02	127736.05	145282.75	77961.95
2022-09-05	127506.1	143295.8	77879.4
2022-09-06	131068.55	144509.05	79224.85
2022-09-07	130833.7	142025.45	79569.25
2022-09-08	132477.7	141445.45	77829.0
2022-09-09	133000.25	140077.75	77726.25
2022-09-12	134343.2	139145.7	77447.5
2022-09-13	135854.75	138748.7	78365.95
2022-09-14	136468.8	137343.9	77071.05
2022-09-15	135133.4	134952.4	76751.35
2022-09-16	135624.45	133504.8	77019.65
2022-09-19	134232.1	130500.0	76196.55
2022-09-20	132501.55	127377.4	74617.35
2022-09-21	134595.8	128135.15	77344.0
2022-09-22	138621.85	130198.3	78456.5
2022-09-23	139375.05	129197.5	82315.05
2022-09-26	146293.1	142073.15	87043.9
2022-09-27	149242.85	148739.1	88795.7
2022-09-28	155708.8	157894.35	92669.4
2022-09-29	161217.95	165690.25	95478.1
2022-09-30	166977.5	173901.5	100429.95
2022-10-03	172201.45	180551.3	102442.3
2022-10-04	174525.4	184756.8	103365.3
2022-10-05	177527.8	190075.0	104070.2
2022-10-06	180227.9	194771.85	105322.55
2022-10-07	183589.05	199491.05	107929.95
2022-10-10	186513.0	210449.3	112482.55
2022-10-11	190854.2	224497.0	115301.75
2022-10-12	194054.0	238899.1	118656.7
2022-10-13	202665.05	257375.8	122867.2
2022-10-14	209484.45	273612.55	127182.2
2022-10-17	214727.6	286486.05	129865.75
2022-10-18	219532.2	299385.5	133439.65
2022-10-19	221215.1	307725.35	132523.0
2022-10-20	221935.7	320557.9	136176.3
2022-10-21	228909.45	337644.6	136441.65
2022-10-24	229712.2	344372.05	137190.1
2022-10-25	229791.5	348136.5	138311.0
2022-10-26	227401.2	352568.65	137561.45
2022-10-27	226503.35	360055.15	138100.65
2022-10-28	224258.05	365036.0	135308.7
2022-10-31	221257.6	366470.05	135478.25
2022-11-01	219618.05	369990.1	137241.45
2022-11-02	219906.4	376934.15	139622.05
2022-11-03	218148.1	382302.8	140879.0
2022-11-04	219797.6	391800.15	143334.5
2022-11-07	220262.1	390863.45	142360.55
2022-11-08	216597.85	383271.5	144101.15
2022-11-09	215856.95	380465.55	143167.5
2022-11-10	215290.3	379048.7	142491.0
2022-11-11	215258.55	375999.9	141545.75
2022-11-14	214828.75	369632.65	142618.35
2022-11-15	217044.55	364682.65	145486.0
2022-11-16	217785.7	359249.5	151840.2
2022-11-17	215495.65	345966.25	149423.1
2022-11-18	207486.95	327489.9	145213.65
2022-11-21	200814.0	310834.2	141319.2
2022-11-22	197242.65	300919.4	140677.35
2022-11-23	193956.75	288637.8	139380.85
2022-11-24	187821.45	273144.15	137510.65
2022-11-25	183529.3	262218.25	136897.75
2022-11-28	184514.35	258251.0	136632.0
2022-11-29	184178.6	252264.45	135751.85
2022-11-30	183645.75	243899.0	133953.4
2022-12-01	184887.4	236044.4	134925.6
2022-12-02	182645.6	225552.85	131431.3
2022-12-05	180690.25	218129.15	129509.15
2022-12-06	180310.95	212583.6	126195.1
2022-12-07	177876.95	202221.0	126276.3
2022-12-08	171190.9	186586.05	124515.9
2022-12-09	165915.45	175293.25	122952.5
2022-12-12	162447.45	171147.75	120036.75
2022-12-13	158436.0	167594.0	120570.15
2022-12-14	157229.65	165845.7	118106.3
2022-12-15	157528.05	166084.6	118457.35
2022-12-16	157661.1	166495.75	119834.8
2022-12-19	157233.6	165792.4	118924.65
2022-12-20	161240.05	170192.3	120296.95
2022-12-21	160195.55	169613.5	119057.5
2022-12-22	161485.0	170034.85	118244.05
2022-12-23	161740.7	168607.8	118351.8
2022-12-26	154873.4	160859.4	113866.6
2022-12-27	151137.55	157723.55	111771.75
2022-12-28	147037.65	153351.2	110264.0
2022-12-29	141944.1	148539.85	106491.9
2022-12-30	139567.05	145136.25	105726.65
2023-01-02	132835.4	139484.3	101514.45
2023-01-03	134227.8	140568.8	101940.65
2023-01-04	134999.75	140808.85	101724.05
2023-01-05	136153.55	142234.25	102284.7
2023-01-06	136686.1	145070.6	102638.5
2023-01-09	137763.4	147168.7	104343.8
2023-01-10	135681.0	144715.15	99738.05
2023-01-11	131858.3	141127.25	95089.5
2023-01-12	132536.2	141075.05	94649.85
2023-01-13	132257.85	139957.4	94007.75
2023-01-16	129450.45	138086.1	93022.45
2023-01-17	126638.15	135327.55	90789.1
2023-01-18	130056.7	138157.7	92766.95
2023-01-19	130725.75	138335.85	93464.4
2023-01-20	129967.2	137126.95	92315.8
2023-01-23	134763.65	142119.15	96839.45
2023-01-24	135783.1	142236.4	97761.8
2023-01-25	136285.3	142909.2	98892.85
2023-01-26	136366.65	144165.95	99352.95
2023-01-27	134627.6	142964.95	99032.75
2023-01-30	138816.25	146734.9	102975.8
2023-01-31	135820.5	143953.1	102006.05
2023-02-01	133829.55	142863.2	102003.6
2023-02-02	133984.95	143659.55	103025.45
2023-02-03	133159.5	141088.35	103908.45
2023-02-06	131938.15	139247.65	104057.2
2023-02-07	132689.5	139224.6	105892.95
2023-02-08	132008.25	138247.15	106705.4
2023-02-09	127827.65	134146.85	105363.15
2023-02-10	126455.2	132375.85	105636.8
2023-02-13	126786.1	131587.6	106215.9
2023-02-14	127419.1	131152.25	108009.9
2023-02-15	123280.3	127607.45	106715.5
2023-02-16	122080.2	126839.65	107187.45
2023-02-17	121188.7	127084.75	107787.15
2023-02-20	117513.2	124874.95	106131.15
2023-02-21	116852.3	125790.35	106906.45
2023-02-22	116293.25	125385.1	106730.5
2023-02-23	115298.0	123800.4	106853.1
2023-02-24	115905.05	124930.0	107722.8
2023-02-27	114628.95	123854.55	107270.9
2023-02-28	113103.35	123372.8	106193.6
2023-03-01	111575.95	122647.15	105257.35
2023-03-02	108819.95	119557.25	103131.05
2023-03-03	105914.4	115995.0	100414.55
2023-03-06	104042.9	114041.35	98215.8
2023-03-07	102015.1	112559.25	96383.75
2023-03-08	101531.05	112437.0	95273.15
2023-03-09	99749.4	111523.0	93538.1
2023-03-10	101780.0	114900.8	95898.8
2023-03-13	108557.05	123292.0	102205.9
2023-03-14	108609.75	124991.5	102227.05
2023-03-15	112114.15	130094.8	105813.05
2023-03-16	114466.9	132789.05	105875.2
2023-03-17	115076.15	132450.55	105575.2
2023-03-20	118661.3	134456.4	107348.5
2023-03-21	117896.5	131452.3	105643.0
2023-03-22	118192.65	131343.45	105243.6
2023-03-23	119356.8	132352.05	105307.3
2023-03-24	119879.2	131507.0	105090.1
2023-03-27	119756.45	130443.7	104618.1
2023-03-28	118827.85	128851.2	103967.35
2023-03-29	117101.0	126411.15	101905.8
2023-03-30	115592.25	124584.75	100122.95
2023-03-31	115085.15	124113.6	99486.4
2023-04-03	115363.65	123961.0	99650.55
2023-04-04	113606.4	122222.9	97950.95
2023-04-05	112881.05	121252.75	97535.4
2023-04-06	112216.5	119939.85	96971.5
2023-04-07	105576.55	112876.8	91546.15
2023-04-10	96770.7	102548.85	83896.45
2023-04-11	91578.75	96490.45	79354.8
2023-04-12	85742.95	88921.7	73385.3
2023-04-13	80436.3	83610.35	69881.65
2023-04-14	78880.05	82271.5	68374.35
2023-04-17	76020.95	80282.25	66050.85
2023-04-18	74701.15	79958.0	64894.8
2023-04-19	72374.5	77961.6	62881.1
2023-04-20	69919.75	75434.5	60856.8
2023-04-21	66833.85	73071.4	58922.3
2023-04-24	65653.1	71996.6	58066.3
2023-04-25	65623.6	71565.85	57902.85
2023-04-26	66212.35	71454.9	58309.2
2023-04-27	66195.8	71622.55	58839.5
2023-04-28	67117.15	72677.45	59246.7
2023-05-01	65556.3	71815.35	58180.2
2023-05-02	65139.65	71620.5	58156.4
2023-05-03	65550.6	72363.7	58058.55
2023-05-04	67672.45	74753.4	59630.75
2023-05-05	69891.75	76363.6	60397.1
2023-05-08	69917.05	76221.25	60115.25
2023-05-09	69839.6	75457.6	59940.2
2023-05-10	69976.75	74780.25	60053.5
2023-05-11	70730.85	75504.0	60628.9
2023-05-12	70150.75	74388.25	60019.6
2023-05-15	69538.7	73388.8	59713.55
2023-05-16	69675.5	73210.75	59718.55
2023-05-17	69586.9	72440.6	59834.65
2023-05-18	69398.0	71998.6	59755.55
2023-05-19	69940.85	72683.25	60277.85
2023-05-22	70423.6	73250.8	60810.3
2023-05-23	70717.9	74004.4	61030.6
2023-05-24	70409.85	74238.2	61392.1
2023-05-25	70298.55	73990.75	61177.2
2023-05-26	68882.55	73005.95	60842.45
2023-05-29	67473.2	71291.95	60043.15
2023-05-30	67301.0	71257.1	59546.4
2023-05-31	67201.05	71082.4	59375.5
2023-06-01	65682.75	69677.45	58224.85
2023-06-02	65442.6	70167.9	58487.1
2023-06-05	66291.4	71985.7	59678.85
2023-06-06	66223.85	72823.5	60251.6
2023-06-07	65390.3	73394.8	60045.15
2023-06-08	64335.8	73078.15	59529.05
2023-06-09	63809.1	74043.35	59302.85
2023-06-12	63993.95	75080.45	59660.1
2023-06-13	64371.3	77448.1	60142.0
2023-06-14	64675.15	79438.8	60773.9
2023-06-15	65022.95	81160.85	60995.6
2023-06-16	64498.25	82365.1	60805.4
2023-06-19	63206.05	82050.75	60367.25
2023-06-20	62568.5	83439.0	61083.9
2023-06-21	61962.9	85193.2	60813.95
2023-06-22	61598.15	87597.3	61157.0
2023-06-23	61892.55	89645.4	61568.2
2023-06-26	63283.15	93173.85	62981.5
2023-06-27	62942.0	95165.45	63839.3
2023-06-28	62135.5	96224.8	63936.7
2023-06-29	62150.25	97516.1	64212.3
2023-06-30	62192.45	98788.0	64216.15
2023-07-03	61470.35	99037.9	63513.95
2023-07-04	60102.1	97838.9	62364.3
2023-07-05	59820.3	97541.8	62032.65
2023-07-06	60543.1	98705.4	62641.05
2023-07-07	61196.4	98914.1	63358.1
2023-07-10	60775.65	99075.4	63243.7
2023-07-11	59812.15	97565.8	63181.55
2023-07-12	59781.05	97328.5	63811.65
2023-07-13	59714.8	97254.0	64423.45
2023-07-14	59801.95	96630.1	64945.2
2023-07-17	60117.55	97165.35	65246.95
2023-07-18	60627.9	96607.6	65085.25
2023-07-19	60730.6	95595.9	65116.9
2023-07-20	60713.7	93512.2	65205.15
2023-07-21	59805.5	91199.65	64495.2
2023-07-24	60231.5	90861.8	65012.5
2023-07-25	60016.8	89009.05	64159.65
2023-07-26	60380.3	88126.25	64279.05
2023-07-27	61859.3	88443.15	65125.8
2023-07-28	63726.9	88853.3	66393.45
2023-07-31	64272.15	88125.8	67570.7
2023-08-01	65863.15	89644.9	68638.5
2023-08-02	67190.75	90965.9	69207.5
2023-08-03	67342.0	90835.4	69652.0
2023-08-04	67707.45	91186.05	69930.65
2023-08-07	67771.4	90599.2	69443.25
2023-08-08	68175.95	90483.2	69081.05
2023-08-09	67183.3	89357.15	67554.3
2023-08-10	67963.4	89303.9	67149.45
2023-08-11	67978.15	88756.9	66335.4
2023-08-14	68915.5	89421.6	66098.65
2023-08-15	69548.85	89580.25	65910.75
2023-08-16	69472.1	88986.35	65160.8
2023-08-17	70332.65	89321.65	64824.7
2023-08-18	71230.75	89623.55	64513.2
2023-08-21	71510.55	88612.7	63450.1
2023-08-22	71950.35	87942.85	62933.95
2023-08-23	71742.75	87664.4	61993.0
2023-08-24	69506.2	85717.2	60355.8
2023-08-25	68190.0	84603.4	58713.05
2023-08-28	67513.65	83797.05	57121.15
2023-08-29	68134.0	84189.8	56947.6
2023-08-30	68137.45	83708.5	56640.6
2023-08-31	68249.85	83057.55	55853.7
2023-09-01	68637.7	83288.5	55796.65
2023-09-04	67621.85	82299.7	55294.7
2023-09-05	68166.15	83174.4	55496.55
2023-09-06	69058.95	83729.25	55814.35
2023-09-07	67945.6	82898.85	55123.95
2023-09-08	67602.0	82306.95	54517.45
2023-09-11	67207.25	81622.65	54225.85
2023-09-12	65776.75	79819.7	52884.0
2023-09-13	66337.05	79802.95	52847.7
2023-09-14	66497.9	79883.3	52595.8
2023-09-15	66032.25	79202.0	52412.8
2023-09-18	64954.85	78370.1	51720.75
2023-09-19	64178.45	77576.85	51203.75
2023-09-20	64220.15	77188.25	51438.2
2023-09-21	65349.3	77505.35	51685.55
2023-09-22	64105.95	76350.4	51128.4
2023-09-25	63689.35	76479.15	50721.9
2023-09-26	62355.1	75126.3	50003.8
2023-09-27	61296.25	74308.15	49401.4
2023-09-28	60579.5	73584.0	49320.2
2023-09-29	59473.2	72496.95	48711.75
2023-10-02	60742.6	73687.95	49816.05
2023-10-03	60719.7	73206.95	50352.15
2023-10-04	60368.6	73017.4	51115.7
2023-10-05	61014.3	73393.3	51695.1
2023-10-06	62502.05	75572.55	52946.5
2023-10-09	63246.65	75936.55	53148.25
2023-10-10	64732.95	77494.25	54130.4
2023-10-11	65041.2	78200.35	54304.65
2023-10-12	64900.45	78638.65	54219.65
2023-10-13	65336.7	79924.25	54517.7
2023-10-16	65968.35	81216.4	55194.65
2023-10-17	67022.7	83247.85	56175.4
2023-10-18	66960.9	84094.3	56603.7
2023-10-19	67690.9	85581.55	57622.0
2023-10-20	68497.65	86738.8	57902.3
2023-10-23	69813.6	87713.3	58308.3
2023-10-24	71067.2	89433.4	58887.8
2023-10-25	71634.55	90027.3	59331.95
2023-10-26	72198.7	90853.9	59554.55
2023-10-27	72452.3	91268.3	59380.7
2023-10-30	72521.9	91817.1	58867.4
2023-10-31	73052.85	92084.55	58009.8
2023-11-01	74586.55	93767.95	58151.95
2023-11-02	74502.35	94360.9	57768.35
2023-11-03	73882.55	93990.65	57393.55
2023-11-06	72430.95	93238.3	56720.3
2023-11-07	70607.05	91574.9	55687.7
2023-11-08	68743.95	89589.05	54866.45
2023-11-09	67424.9	88517.85	54068.85
2023-11-10	66406.4	87325.6	53325.0
2023-11-13	65799.65	86370.55	52454.85
2023-11-14	65863.8	86020.55	52131.4
2023-11-15	65853.45	85401.85	51549.15
2023-11-16	63919.8	83429.15	50434.15
2023-11-17	63232.3	82487.4	50119.8
2023-11-20	62351.65	81895.6	50351.8
2023-11-21	61398.8	80820.9	50497.95
2023-11-22	60892.6	80436.6	50251.15
2023-11-23	58743.95	78237.1	48580.4
2023-11-24	57286.65	76693.65	47760.6
2023-11-27	56764.7	76017.0	47765.2
2023-11-28	55800.6	75449.2	47751.15
2023-11-29	54506.35	73983.4	47253.95
2023-11-30	54542.6	74060.25	47887.4
2023-12-01	54474.3	73342.4	48137.9
2023-12-04	55688.25	74695.8	49033.85
2023-12-05	56989.65	76384.35	50001.75
2023-12-06	57911.85	76982.4	50136.55
2023-12-07	59130.05	77949.65	50941.0
2023-12-08	61048.9	79788.25	52549.0
2023-12-11	61593.15	79884.85	53011.95
2023-12-12	61393.8	79460.25	53134.0
2023-12-13	62339.65	79600.05	53398.05
2023-12-14	65377.1	82528.15	54866.45
2023-12-15	67473.5	83845.4	55723.05
2023-12-18	68536.55	83880.85	55483.85
2023-12-19	69303.4	83896.45	55075.1
2023-12-20	69690.6	84079.35	54694.4
2023-12-21	72235.55	86061.1	56144.7
2023-12-22	74878.65	87442.35	56821.0
2023-12-26	74334.1	86711.6	55991.95
2023-12-27	74714.9	86149.75	55242.4
2023-12-28	74967.55	85500.15	54598.8
2023-12-29	75332.05	84703.0	53801.0
