time	EURUSD	GBPUSD	NZDUSD
2015-01-02	1.20014	1.53244	0.76931
2015-01-05	1.19317	1.5248300000000001	0.76821
2015-01-06	1.18887	1.51485	0.77574
2015-01-07	1.18386	1.51084	0.77794
2015-01-08	1.17899	1.50882	0.782
2015-01-09	1.18402	1.51571	0.78293
2015-01-12	1.18325	1.51694	0.77787
2015-01-13	1.17718	1.51582	0.7734
2015-01-14	1.17881	1.5232	0.77118
2015-01-15	1.1629800000000001	1.5180500000000001	0.78196
2015-01-16	1.1565	1.5145	0.77818
2015-01-19	1.1606	1.51098	0.77757
2015-01-20	1.15479	1.51417	0.76329
2015-01-21	1.16087	1.51399	0.75491
2015-01-22	1.13642	1.50076	0.74985
2015-01-23	1.12032	1.4987599999999999	0.74455
2015-01-26	1.1237300000000001	1.50758	0.74224
2015-01-27	1.13803	1.51958	0.74478
2015-01-28	1.12865	1.51364	0.7313
2015-01-29	1.13185	1.5064199999999999	0.72597
2015-01-30	1.1284399999999999	1.5061900000000001	0.72491
2015-02-02	1.13413	1.50373	0.73014
2015-02-03	1.14781	1.5165	0.7357
2015-02-04	1.13433	1.5180099999999999	0.73629
2015-02-05	1.14763	1.53264	0.73933
2015-02-06	1.13102	1.5225	0.7359
2015-02-09	1.1323400000000001	1.52136	0.74079
2015-02-10	1.13197	1.5253	0.74006
2015-02-11	1.13351	1.52358	0.73638
2015-02-12	1.14022	1.5382500000000001	0.74226
2015-02-13	1.13919	1.53928	0.74527
2015-02-16	1.13528	1.53613	0.74977
2015-02-17	1.141	1.53518	0.75358
2015-02-18	1.13962	1.54344	0.75414
2015-02-19	1.13674	1.54134	0.75156
2015-02-20	1.13785	1.53983	0.75219
2015-02-23	1.1334	1.54558	0.75214
2015-02-24	1.13397	1.54515	0.74888
2015-02-25	1.13606	1.55273	0.75539
2015-02-26	1.11975	1.54051	0.75317
2015-02-27	1.11957	1.54365	0.75603
2015-03-02	1.11824	1.53636	0.75059
2015-03-03	1.11752	1.5358800000000001	0.75467
2015-03-04	1.10767	1.52638	0.75863
2015-03-05	1.10291	1.5238800000000001	0.74783
2015-03-06	1.08433	1.50333	0.73601
2015-03-09	1.08518	1.5127199999999998	0.73523
2015-03-10	1.06785	1.50534	0.72704
2015-03-11	1.05444	1.49281	0.72754
2015-03-12	1.06241	1.48845	0.73857
2015-03-13	1.0491	1.47397	0.73185
2015-03-16	1.05669	1.4825300000000001	0.73677
2015-03-17	1.05972	1.47428	0.73172
2015-03-18	1.08284	1.49574	0.74679
2015-03-19	1.06561	1.47543	0.74114
2015-03-20	1.08189	1.4945	0.75642
2015-03-23	1.0944099999999999	1.49535	0.76523
2015-03-24	1.09176	1.48428	0.76392
2015-03-25	1.09708	1.48844	0.76076
2015-03-26	1.0874	1.48499	0.75917
2015-03-27	1.08841	1.487	0.75652
2015-03-30	1.0832	1.48092	0.74947
2015-03-31	1.07308	1.48164	0.74664
2015-04-01	1.07624	1.48224	0.74511
2015-04-02	1.08792	1.48268	0.75068
2015-04-03	1.09679	1.49179	0.76082
2015-04-06	1.09213	1.48785	0.75375
2015-04-07	1.08137	1.48069	0.74917
2015-04-08	1.07795	1.48662	0.75505
2015-04-09	1.06584	1.47111	0.75633
2015-04-10	1.0603	1.4631	0.75374
2015-04-13	1.05659	1.46745	0.74523
2015-04-14	1.06539	1.47798	0.75178
2015-04-15	1.06869	1.4841199999999999	0.75945
2015-04-16	1.07592	1.4932	0.76702
2015-04-17	1.08089	1.4959500000000001	0.76807
2015-04-20	1.07379	1.49075	0.76631
2015-04-21	1.07333	1.49251	0.76644
2015-04-22	1.07253	1.50399	0.76667
2015-04-23	1.08245	1.50584	0.75926
2015-04-24	1.087	1.5185499999999998	0.75945
2015-04-27	1.08869	1.5234100000000002	0.76411
2015-04-28	1.09788	1.53395	0.77177
2015-04-29	1.11265	1.5437699999999999	0.7691
2015-04-30	1.12222	1.53524	0.76112
2015-05-01	1.11967	1.5147300000000001	0.75364
2015-05-04	1.11469	1.51203	0.75343
2015-05-05	1.11849	1.51807	0.75586
2015-05-06	1.13447	1.5241500000000001	0.7494
2015-05-07	1.12657	1.5243600000000002	0.74465
2015-05-08	1.12085	1.54426	0.74878
2015-05-11	1.11542	1.55847	0.7332
2015-05-12	1.12127	1.56681	0.73596
2015-05-13	1.13542	1.57436	0.74813
2015-05-14	1.14095	1.57747	0.74946
2015-05-15	1.14466	1.57271	0.74605
2015-05-18	1.1314	1.56515	0.73869
2015-05-19	1.1149	1.55099	0.73422
2015-05-20	1.10932	1.55342	0.73041
2015-05-21	1.11113	1.5659999999999998	0.73472
2015-05-22	1.10141	1.5495700000000001	0.73024
2015-05-25	1.09769	1.5467499999999998	0.7307
2015-05-26	1.08723	1.53819	0.72243
2015-05-27	1.09034	1.53499	0.7263
2015-05-28	1.09473	1.53119	0.7174
2015-05-29	1.09895	1.5284200000000001	0.70986
2015-06-01	1.0925799999999999	1.51989	0.70854
2015-06-02	1.11501	1.53424	0.71792
2015-06-03	1.12737	1.53383	0.71505
2015-06-04	1.12372	1.5360800000000001	0.71286
2015-06-05	1.11163	1.52711	0.70444
2015-06-08	1.12908	1.53471	0.71424
2015-06-09	1.12817	1.53837	0.713
2015-06-10	1.1323	1.5528499999999998	0.7194
2015-06-11	1.1256599999999999	1.55157	0.70095
2015-06-12	1.12621	1.55571	0.69842
2015-06-15	1.1282	1.55995	0.69965
2015-06-16	1.12467	1.56461	0.69855
2015-06-17	1.13365	1.58303	0.69852
2015-06-18	1.13595	1.58769	0.69251
2015-06-19	1.13483	1.5876000000000001	0.69083
2015-06-22	1.13396	1.5822500000000002	0.68618
2015-06-23	1.11674	1.57286	0.68514
2015-06-24	1.12033	1.57031	0.68873
2015-06-25	1.12035	1.57455	0.69029
2015-06-26	1.11713	1.57455	0.68364
2015-06-29	1.1235	1.57352	0.68489
2015-06-30	1.11453	1.57065	0.67631
2015-07-01	1.10518	1.5614599999999998	0.67325
2015-07-02	1.10826	1.56068	0.67181
2015-07-03	1.11038	1.5577299999999998	0.66829
2015-07-06	1.10551	1.56016	0.66845
2015-07-07	1.10103	1.54609	0.6646
2015-07-08	1.10756	1.53606	0.67258
2015-07-09	1.10353	1.5379	0.67375
2015-07-10	1.11541	1.5512899999999998	0.67102
2015-07-13	1.10001	1.5484200000000001	0.66906
2015-07-14	1.10082	1.56348	0.67076
2015-07-15	1.09477	1.56365	0.65875
2015-07-16	1.0873	1.56066	0.65106
2015-07-17	1.08299	1.56054	0.65259
2015-07-20	1.08245	1.5559500000000002	0.65613
2015-07-21	1.09324	1.55528	0.66228
2015-07-22	1.09278	1.56107	0.65742
2015-07-23	1.09826	1.5512899999999998	0.66057
2015-07-24	1.09762	1.5512700000000001	0.65729
2015-07-27	1.10866	1.55568	0.66025
2015-07-28	1.10592	1.56105	0.66895
2015-07-29	1.09821	1.5604200000000001	0.66637
2015-07-30	1.09313	1.55994	0.6602
2015-07-31	1.09831	1.56201	0.6591
2015-08-03	1.09503	1.55846	0.65617
2015-08-04	1.08809	1.55603	0.65376
2015-08-05	1.09052	1.55976	0.65095
2015-08-06	1.09235	1.55099	0.6552
2015-08-07	1.0964	1.54958	0.6619
2015-08-10	1.10154	1.55842	0.66121
2015-08-11	1.1037	1.55654	0.6528
2015-08-12	1.11553	1.5605799999999999	0.66141
2015-08-13	1.11476	1.5605799999999999	0.65637
2015-08-14	1.111	1.56407	0.6532
2015-08-17	1.10728	1.5581	0.65653
2015-08-18	1.10228	1.56548	0.65956
2015-08-19	1.1116	1.5675	0.65944
2015-08-20	1.12375	1.56833	0.66208
2015-08-21	1.13865	1.56853	0.66832
2015-08-24	1.16129	1.57697	0.64708
2015-08-25	1.15127	1.5680800000000001	0.6465
2015-08-26	1.1311499999999999	1.5457800000000002	0.64256
2015-08-27	1.12393	1.53979	0.64613
2015-08-28	1.11803	1.53897	0.64567
2015-08-31	1.1209	1.53415	0.63381
2015-09-01	1.13133	1.53018	0.63284
2015-09-02	1.12258	1.52964	0.63457
2015-09-03	1.11222	1.52543	0.63971
2015-09-04	1.11469	1.51675	0.62814
2015-09-07	1.11684	1.52739	0.62551
2015-09-08	1.12012	1.53926	0.634
2015-09-09	1.1206	1.53641	0.63871
2015-09-10	1.12776	1.5441	0.62875
2015-09-11	1.13395	1.5427	0.6313
2015-09-14	1.1315	1.54231	0.63292
2015-09-15	1.12687	1.5341200000000002	0.63545
2015-09-16	1.1289	1.5490300000000001	0.63646
2015-09-17	1.14336	1.55878	0.63478
2015-09-18	1.12985	1.55243	0.63947
2015-09-21	1.11888	1.5505499999999999	0.6315
2015-09-22	1.11236	1.53612	0.62912
2015-09-23	1.11844	1.52413	0.62722
2015-09-24	1.12321	1.52403	0.63526
2015-09-25	1.11994	1.51773	0.63812
2015-09-28	1.12436	1.51716	0.63241
2015-09-29	1.12478	1.51483	0.63452
2015-09-30	1.11763	1.5126	0.63964
2015-10-01	1.11939	1.51282	0.63965
2015-10-02	1.1209500000000001	1.51768	0.64432
2015-10-05	1.11871	1.51431	0.64883
2015-10-06	1.12704	1.5223	0.65404
2015-10-07	1.12368	1.53148	0.66069
2015-10-08	1.12756	1.5345	0.66667
2015-10-09	1.13569	1.5323799999999999	0.66918
2015-10-12	1.13578	1.53465	0.67153
2015-10-13	1.13782	1.52462	0.66398
2015-10-14	1.1473	1.54762	0.67851
2015-10-15	1.13803	1.54511	0.68503
2015-10-16	1.13474	1.5435699999999999	0.6803
2015-10-19	1.13269	1.54646	0.67876
2015-10-20	1.13453	1.54409	0.67517
2015-10-21	1.13382	1.54183	0.67045
2015-10-22	1.11087	1.53931	0.67917
2015-10-23	1.10169	1.5312000000000001	0.67488
2015-10-26	1.10529	1.53488	0.6773
2015-10-27	1.10462	1.53041	0.6767
2015-10-28	1.09267	1.5266600000000001	0.66824
2015-10-29	1.0985800000000001	1.53113	0.66914
2015-10-30	1.1005	1.5427499999999998	0.67719
2015-11-02	1.1015	1.5415299999999998	0.67431
2015-11-03	1.09627	1.54215	0.66583
2015-11-04	1.08653	1.53831	0.65915
2015-11-05	1.08828	1.5205899999999999	0.66093
2015-11-06	1.0739	1.5043	0.65206
2015-11-09	1.0749900000000001	1.5112299999999999	0.65321
2015-11-10	1.07227	1.51179	0.65313
2015-11-11	1.07417	1.52115	0.65552
2015-11-12	1.0812	1.52317	0.65396
2015-11-13	1.07668	1.52299	0.65333
2015-11-16	1.06847	1.5199799999999999	0.64927
2015-11-17	1.0643	1.5211999999999999	0.64686
2015-11-18	1.06583	1.52311	0.64709
2015-11-19	1.07338	1.52914	0.65632
2015-11-20	1.06451	1.51892	0.65606
2015-11-23	1.06354	1.51228	0.65182
2015-11-24	1.06426	1.50786	0.65537
2015-11-25	1.06238	1.5128599999999999	0.65773
2015-11-26	1.06102	1.51013	0.65699
2015-11-27	1.05938	1.50331	0.65293
2015-11-30	1.05643	1.50556	0.65823
2015-12-01	1.06324	1.50794	0.6675
2015-12-02	1.06135	1.49495	0.66383
2015-12-03	1.09385	1.51434	0.66862
2015-12-04	1.08779	1.5104899999999999	0.67442
2015-12-07	1.08366	1.50526	0.66398
2015-12-08	1.0892	1.50071	0.66414
2015-12-09	1.10244	1.51806	0.67192
2015-12-10	1.09401	1.51572	0.6752
2015-12-11	1.09894	1.52226	0.67132
2015-12-14	1.09922	1.5139399999999998	0.67551
2015-12-15	1.09285	1.5034999999999998	0.67632
2015-12-16	1.09104	1.4999799999999999	0.6795
2015-12-17	1.08245	1.48975	0.66995
2015-12-18	1.08613	1.48867	0.67246
2015-12-21	1.09139	1.48815	0.67592
2015-12-22	1.09568	1.4825599999999999	0.6805
2015-12-23	1.09099	1.48693	0.6792
2015-12-24	1.09542	1.49406	0.68357
2015-12-28	1.09681	1.48785	0.68441
2015-12-29	1.0918	1.48125	0.68674
2015-12-30	1.09312	1.4812	0.68375
2015-12-31	1.08609	1.47317	0.6838
2016-01-04	1.08319	1.47167	0.67491
2016-01-05	1.07463	1.4672	0.67028
2016-01-06	1.07796	1.46295	0.66366
2016-01-07	1.09287	1.4615	0.66231
2016-01-08	1.09245	1.45156	0.65427
2016-01-11	1.08581	1.45395	0.65573
2016-01-12	1.0857	1.44456	0.65322
2016-01-13	1.08757	1.44051	0.65107
2016-01-14	1.08634	1.4409	0.6471
2016-01-15	1.09132	1.42543	0.64612
2016-01-18	1.08941	1.42414	0.64489
2016-01-19	1.09065	1.41557	0.64076
2016-01-20	1.08883	1.41897	0.64284
2016-01-21	1.0872600000000001	1.42198	0.65281
2016-01-22	1.07965	1.42645	0.64862
2016-01-25	1.08475	1.4246699999999999	0.6452
2016-01-26	1.08683	1.43487	0.64963
2016-01-27	1.0892	1.42327	0.64298
2016-01-28	1.0939	1.43581	0.64802
2016-01-29	1.083	1.42422	0.64774
2016-02-01	1.08873	1.44308	0.65446
2016-02-02	1.09177	1.44069	0.65124
2016-02-03	1.11017	1.46017	0.666
2016-02-04	1.12067	1.45866	0.67206
2016-02-05	1.11578	1.45001	0.66206
2016-02-08	1.1191200000000001	1.4429	0.66248
2016-02-09	1.1294	1.4471	0.66332
2016-02-10	1.12889	1.45187	0.66835
2016-02-11	1.13218	1.44751	0.67139
2016-02-12	1.12503	1.4492099999999999	0.66122
2016-02-15	1.11531	1.4429699999999999	0.66458
2016-02-16	1.11423	1.43018	0.65764
2016-02-17	1.11267	1.4289100000000001	0.6628
2016-02-18	1.11058	1.43322	0.66408
2016-02-19	1.11279	1.4402599999999999	0.66271
2016-02-22	1.10281	1.41489	0.6697
2016-02-23	1.1018	1.40191	0.66403
2016-02-24	1.10116	1.39231	0.66547
2016-02-25	1.10168	1.39595	0.67197
2016-02-26	1.09289	1.38594	0.66256
2016-02-29	1.08718	1.3912200000000001	0.6589
2016-03-01	1.08656	1.39507	0.66235
2016-03-02	1.08672	1.40785	0.66741
2016-03-03	1.09556	1.4173200000000001	0.6721
2016-03-04	1.10064	1.42293	0.68188
2016-03-07	1.10121	1.4262000000000001	0.67985
2016-03-08	1.10096	1.42143	0.67437
2016-03-09	1.09981	1.42134	0.66515
2016-03-10	1.11759	1.4280300000000001	0.66655
2016-03-11	1.11462	1.43791	0.67419
2016-03-14	1.11012	1.42985	0.66684
2016-03-15	1.11048	1.41512	0.66062
2016-03-16	1.1212	1.4249800000000001	0.67599
2016-03-17	1.13151	1.4473099999999999	0.68335
2016-03-18	1.1268799999999999	1.4469699999999999	0.67906
2016-03-21	1.12386	1.43681	0.67665
2016-03-22	1.1215	1.42126	0.6747
2016-03-23	1.11796	1.41171	0.67063
2016-03-24	1.11786	1.41521	0.66977
2016-03-25	1.11613	1.41238	0.66785
2016-03-28	1.11952	1.42509	0.67207
2016-03-29	1.12893	1.43826	0.68454
2016-03-30	1.13387	1.43776	0.69171
2016-03-31	1.13788	1.43613	0.69067
2016-04-01	1.13897	1.42255	0.69027
2016-04-04	1.13888	1.42619	0.68311
2016-04-05	1.13826	1.4157899999999999	0.68013
2016-04-06	1.13979	1.41193	0.68187
2016-04-07	1.13767	1.40538	0.67743
2016-04-08	1.13949	1.41139	0.6779
2016-04-11	1.14097	1.42379	0.68566
2016-04-12	1.13835	1.42721	0.6922
2016-04-13	1.12723	1.42011	0.69174
2016-04-14	1.12663	1.41499	0.68409
2016-04-15	1.12827	1.41981	0.69163
2016-04-18	1.13119	1.42746	0.69472
2016-04-19	1.13575	1.43961	0.70417
2016-04-20	1.12952	1.43308	0.69744
2016-04-21	1.1286	1.43214	0.69103
2016-04-22	1.12154	1.43955	0.68468
2016-04-25	1.1266	1.44788	0.68524
2016-04-26	1.1295	1.45785	0.6897
2016-04-27	1.13191	1.4539	0.68273
2016-04-28	1.13509	1.46059	0.69581
2016-04-29	1.14504	1.46102	0.69772
2016-05-02	1.15331	1.46718	0.70179
2016-05-03	1.1494900000000001	1.45342	0.69104
2016-05-04	1.14855	1.44919	0.68794
2016-05-05	1.14048	1.44842	0.68814
2016-05-06	1.14009	1.44247	0.68351
2016-05-09	1.13806	1.44072	0.67657
2016-05-10	1.13717	1.4442	0.67564
2016-05-11	1.14251	1.44446	0.68156
2016-05-12	1.13766	1.44496	0.68178
2016-05-13	1.1308799999999999	1.43584	0.67653
2016-05-16	1.13193	1.44009	0.6788
2016-05-17	1.13118	1.44596	0.68087
2016-05-18	1.12158	1.45973	0.67379
2016-05-19	1.12019	1.46093	0.67418
2016-05-20	1.1221700000000001	1.45037	0.67363
2016-05-23	1.1219	1.44818	0.67603
2016-05-24	1.11393	1.46316	0.67359
2016-05-25	1.11539	1.46971	0.67392
2016-05-26	1.11927	1.46688	0.67389
2016-05-27	1.1113	1.46182	0.66912
2016-05-30	1.1138	1.46384	0.66914
2016-05-31	1.11303	1.4479199999999999	0.67614
2016-06-01	1.11869	1.44133	0.6815
2016-06-02	1.1151	1.44219	0.68076
2016-06-03	1.13662	1.4514	0.69519
2016-06-06	1.13528	1.44379	0.69198
2016-06-07	1.13555	1.45425	0.69764
2016-06-08	1.13938	1.45032	0.70179
2016-06-09	1.13129	1.44531	0.71004
2016-06-10	1.12533	1.42512	0.70411
2016-06-13	1.12893	1.42672	0.70586
2016-06-14	1.12056	1.41087	0.69911
2016-06-15	1.12602	1.42044	0.70326
2016-06-16	1.1223	1.42004	0.70409
2016-06-17	1.12752	1.43558	0.70254
2016-06-20	1.13121	1.46833	0.71178
2016-06-21	1.12439	1.46533	0.71198
2016-06-22	1.12947	1.47006	0.71562
2016-06-23	1.13791	1.48705	0.7239
2016-06-24	1.1091199999999999	1.36303	0.7098
2016-06-27	1.10237	1.3225	0.69937
2016-06-28	1.10647	1.3339699999999999	0.70458
2016-06-29	1.11235	1.34294	0.71106
2016-06-30	1.11048	1.33091	0.71339
2016-07-01	1.11361	1.326	0.71699
2016-07-04	1.11532	1.32854	0.72212
2016-07-05	1.1075	1.302	0.71517
2016-07-06	1.10989	1.2929300000000001	0.713
2016-07-07	1.10601	1.2904	0.72241
2016-07-08	1.10497	1.29444	0.73018
2016-07-11	1.10568	1.29969	0.72181
2016-07-12	1.10604	1.3244500000000001	0.72991
2016-07-13	1.10883	1.31464	0.72733
2016-07-14	1.11191	1.33406	0.71963
2016-07-15	1.10244	1.31857	0.71084
2016-07-18	1.10748	1.32538	0.71146
2016-07-19	1.10189	1.3106900000000001	0.70502
2016-07-20	1.10129	1.32012	0.70226
2016-07-21	1.10237	1.32308	0.69933
2016-07-22	1.09747	1.31086	0.69983
2016-07-25	1.09942	1.31388	0.69953
2016-07-26	1.09855	1.31289	0.70516
2016-07-27	1.10583	1.32239	0.70761
2016-07-28	1.10757	1.31626	0.70721
2016-07-29	1.11743	1.32224	0.72078
2016-08-01	1.11614	1.31754	0.7172
2016-08-02	1.12209	1.33534	0.72404
2016-08-03	1.11474	1.33229	0.71557
2016-08-04	1.11282	1.31054	0.71692
2016-08-05	1.10867	1.30646	0.71362
2016-08-08	1.10878	1.30413	0.71365
2016-08-09	1.11169	1.30009	0.71626
2016-08-10	1.11744	1.30054	0.71828
2016-08-11	1.11354	1.29544	0.72059
2016-08-12	1.11634	1.2916699999999999	0.71939
2016-08-15	1.11825	1.28803	0.72072
2016-08-16	1.12772	1.30441	0.72774
2016-08-17	1.12874	1.3039399999999999	0.72485
2016-08-18	1.13536	1.3166	0.72852
2016-08-19	1.1323699999999999	1.3072300000000001	0.72719
2016-08-22	1.1319	1.31356	0.72681
2016-08-23	1.13041	1.31962	0.72868
2016-08-24	1.12628	1.32304	0.73094
2016-08-25	1.12833	1.3189199999999999	0.72978
2016-08-26	1.11856	1.3127	0.72192
2016-08-29	1.11889	1.31029	0.72493
2016-08-30	1.11418	1.30793	0.72169
2016-08-31	1.11571	1.31369	0.72481
2016-09-01	1.11957	1.3266499999999999	0.72791
2016-09-02	1.11449	1.32895	0.72664
2016-09-05	1.11458	1.33005	0.73019
2016-09-06	1.12555	1.34408	0.74155
2016-09-07	1.12385	1.33385	0.74483
2016-09-08	1.12607	1.32919	0.7396
2016-09-09	1.12235	1.32637	0.72969
2016-09-12	1.12349	1.33349	0.73514
2016-09-13	1.12182	1.31904	0.72499
2016-09-14	1.1249500000000001	1.32329	0.7279
2016-09-15	1.12435	1.32382	0.73122
2016-09-16	1.11535	1.29955	0.72633
2016-09-19	1.11731	1.30273	0.72909
2016-09-20	1.11501	1.29865	0.73126
2016-09-21	1.11878	1.30315	0.73531
2016-09-22	1.12068	1.30738	0.73107
2016-09-23	1.12149	1.2959399999999999	0.72418
2016-09-26	1.12524	1.29727	0.72728
2016-09-27	1.12137	1.3020100000000001	0.72978
2016-09-28	1.12163	1.30148	0.72832
2016-09-29	1.1221	1.29664	0.72503
2016-09-30	1.12399	1.29735	0.72842
2016-10-03	1.12096	1.28386	0.72708
2016-10-04	1.12042	1.27271	0.72063
2016-10-05	1.12031	1.2746	0.71704
2016-10-06	1.11493	1.26143	0.71632
2016-10-07	1.11931	1.24235	0.71616
2016-10-10	1.1139000000000001	1.23609	0.71354
2016-10-11	1.1053	1.21244	0.70545
2016-10-12	1.10046	1.22037	0.70587
2016-10-13	1.10547	1.22504	0.70932
2016-10-14	1.09711	1.2168	0.70622
2016-10-17	1.09985	1.21814	0.71321
2016-10-18	1.09794	1.22961	0.71889
2016-10-19	1.09735	1.22862	0.72298
2016-10-20	1.09285	1.22511	0.71912
2016-10-21	1.0873599999999999	1.2227000000000001	0.71604
2016-10-24	1.08812	1.22355	0.71356
2016-10-25	1.0888	1.2189	0.71626
2016-10-26	1.09069	1.22456	0.71508
2016-10-27	1.08945	1.21589	0.71197
2016-10-28	1.09745	1.21686	0.71401
2016-10-31	1.09762	1.22381	0.71483
2016-11-01	1.10564	1.22427	0.72063
2016-11-02	1.10946	1.2301199999999999	0.7286
2016-11-03	1.1105	1.24637	0.73339
2016-11-04	1.11375	1.2509000000000001	0.73006
2016-11-07	1.10395	1.23964	0.73439
2016-11-08	1.10257	1.2382900000000001	0.7385
2016-11-09	1.09077	1.24042	0.72724
2016-11-10	1.08907	1.25507	0.72087
2016-11-11	1.08503	1.25773	0.71052
2016-11-14	1.07358	1.24851	0.71161
2016-11-15	1.07215	1.24539	0.70959
2016-11-16	1.06898	1.24395	0.70687
2016-11-17	1.06241	1.24163	0.70233
2016-11-18	1.05826	1.23337	0.69838
2016-11-21	1.06264	1.24876	0.7061
2016-11-22	1.06243	1.24219	0.70598
2016-11-23	1.05516	1.24336	0.70011
2016-11-24	1.05517	1.24464	0.69965
2016-11-25	1.05772	1.24673	0.70396
2016-11-28	1.06122	1.24147	0.70736
2016-11-29	1.06487	1.24888	0.71256
2016-11-30	1.0587	1.25041	0.70808
2016-12-01	1.06596	1.25874	0.70874
2016-12-02	1.06538	1.27203	0.713
2016-12-05	1.07631	1.27273	0.71402
2016-12-06	1.07177	1.2675100000000001	0.71185
2016-12-07	1.07513	1.26247	0.71614
2016-12-08	1.06121	1.25817	0.71719
2016-12-09	1.05515	1.25656	0.7133
2016-12-12	1.06336	1.26732	0.71924
2016-12-13	1.06244	1.26553	0.72009
2016-12-14	1.0534	1.25636	0.71158
2016-12-15	1.04126	1.24167	0.7036
2016-12-16	1.04401	1.24847	0.6941
2016-12-19	1.0401	1.23937	0.6927
2016-12-20	1.03867	1.23665	0.69152
2016-12-21	1.04228	1.23503	0.68958
2016-12-22	1.04355	1.22811	0.69
2016-12-23	1.047	1.22501	0.68747
2016-12-26	1.04491	1.22783	0.68939
2016-12-27	1.04566	1.22681	0.68895
2016-12-28	1.04102	1.22232	0.69169
2016-12-29	1.04892	1.2259	0.69599
2016-12-30	1.05068	1.23245	0.68993
2017-01-02	1.04519	1.22736	0.69076
2017-01-03	1.04044	1.22352	0.69156
2017-01-04	1.04871	1.23212	0.69641
2017-01-05	1.06055	1.2414	0.70227
2017-01-06	1.05235	1.22799	0.69564
2017-01-09	1.0572300000000001	1.2157	0.70144
2017-01-10	1.05534	1.21756	0.69869
2017-01-11	1.05818	1.22116	0.70547
2017-01-12	1.06109	1.21597	0.70932
2017-01-13	1.0642	1.21713	0.71278
2017-01-16	1.05946	1.20416	0.70975
2017-01-17	1.0712	1.24125	0.72102
2017-01-18	1.06286	1.22574	0.71227
2017-01-19	1.06627	1.23403	0.7185
2017-01-20	1.06982	1.23701	0.71676
2017-01-23	1.07631	1.25331	0.72312
2017-01-24	1.0731	1.2518799999999999	0.72469
2017-01-25	1.07465	1.26291	0.72961
2017-01-26	1.0681	1.25889	0.72425
2017-01-27	1.06968	1.25448	0.7258
2017-01-30	1.0692	1.24838	0.72824
2017-01-31	1.07968	1.25753	0.73084
2017-02-01	1.07675	1.26543	0.72778
2017-02-02	1.07569	1.25243	0.72844
2017-02-03	1.07789	1.24774	0.72947
2017-02-06	1.07488	1.24625	0.73192
2017-02-07	1.0682	1.2506	0.72997
2017-02-08	1.06969	1.25392	0.72632
2017-02-09	1.06541	1.24936	0.71829
2017-02-10	1.0637699999999999	1.24773	0.71761
2017-02-13	1.05972	1.25234	0.71736
2017-02-14	1.05764	1.24655	0.7166
2017-02-15	1.05991	1.24573	0.72217
2017-02-16	1.06727	1.24876	0.7204
2017-02-17	1.06056	1.24017	0.71569
2017-02-20	1.06103	1.2456800000000001	0.71855
2017-02-21	1.05349	1.2471700000000001	0.71587
2017-02-22	1.05573	1.2449	0.71897
2017-02-23	1.05804	1.25539	0.72267
2017-02-24	1.05513	1.24493	0.71727
2017-02-27	1.05851	1.24419	0.71886
2017-02-28	1.05757	1.23805	0.7191
2017-03-01	1.05459	1.22928	0.71394
2017-03-02	1.05059	1.2269700000000001	0.70608
2017-03-03	1.06166	1.22857	0.70138
2017-03-06	1.05803	1.22343	0.69921
2017-03-07	1.05655	1.21975	0.69527
2017-03-08	1.05392	1.21649	0.69135
2017-03-09	1.05756	1.21637	0.68985
2017-03-10	1.06712	1.21527	0.6918
2017-03-13	1.06535	1.22173	0.69216
2017-03-14	1.06077	1.21537	0.69204
2017-03-15	1.0735999999999999	1.22858	0.70097
2017-03-16	1.07715	1.23584	0.6983
2017-03-17	1.07362	1.23893	0.70163
2017-03-20	1.07363	1.23569	0.7053
2017-03-21	1.0806	1.24696	0.7041
2017-03-22	1.07919	1.24774	0.70405
2017-03-23	1.07822	1.25162	0.70279
2017-03-24	1.07957	1.2459500000000001	0.70042
2017-03-27	1.08638	1.2556	0.70433
2017-03-28	1.08123	1.2454399999999999	0.70129
2017-03-29	1.0764	1.2432	0.70289
2017-03-30	1.0674	1.24673	0.69903
2017-03-31	1.06462	1.25342	0.69818
2017-04-03	1.06683	1.24837	0.70133
2017-04-04	1.0672	1.24381	0.69715
2017-04-05	1.06624	1.24815	0.6962
2017-04-06	1.06434	1.24678	0.69683
2017-04-07	1.05884	1.23597	0.69258
2017-04-10	1.05953	1.24167	0.69604
2017-04-11	1.06046	1.24919	0.6957
2017-04-12	1.06658	1.25434	0.69678
2017-04-13	1.06131	1.25022	0.70007
2017-04-14	1.06101	1.25224	0.69999
2017-04-17	1.06432	1.25643	0.70104
2017-04-18	1.07302	1.28439	0.70402
2017-04-19	1.07111	1.27773	0.70032
2017-04-20	1.07166	1.28113	0.70109
2017-04-21	1.0723799999999999	1.28037	0.70298
2017-04-24	1.08671	1.27936	0.7016
2017-04-25	1.09262	1.28375	0.69499
2017-04-26	1.0904	1.28485	0.68908
2017-04-27	1.0872	1.29044	0.68763
2017-04-28	1.08985	1.29454	0.68612
2017-05-01	1.0899	1.28858	0.69095
2017-05-02	1.09322	1.29389	0.69354
2017-05-03	1.0884	1.28668	0.68781
2017-05-04	1.09839	1.29215	0.68685
2017-05-05	1.09995	1.29782	0.69214
2017-05-08	1.09223	1.29406	0.69069
2017-05-09	1.0874	1.29345	0.68945
2017-05-10	1.0867499999999999	1.29383	0.69282
2017-05-11	1.08607	1.2888	0.68493
2017-05-12	1.09315	1.28848	0.68542
2017-05-15	1.09752	1.2894999999999999	0.68804
2017-05-16	1.10825	1.29187	0.68826
2017-05-17	1.11606	1.29718	0.69406
2017-05-18	1.11029	1.29419	0.6898
2017-05-19	1.12075	1.3035700000000001	0.69282
2017-05-22	1.12374	1.2999	0.69961
2017-05-23	1.11817	1.29617	0.70095
2017-05-24	1.12182	1.29752	0.70495
2017-05-25	1.12108	1.29424	0.70221
2017-05-26	1.11777	1.28037	0.70628
2017-05-29	1.11627	1.28397	0.70526
2017-05-30	1.1185	1.28577	0.70959
2017-05-31	1.12425	1.28909	0.70823
2017-06-01	1.12122	1.28799	0.70611
2017-06-02	1.12798	1.2889599999999999	0.71448
2017-06-05	1.12538	1.29035	0.71378
2017-06-06	1.1277	1.29083	0.71833
2017-06-07	1.12562	1.29608	0.71969
2017-06-08	1.12125	1.29516	0.72138
2017-06-09	1.11966	1.27429	0.721
2017-06-12	1.12042	1.26611	0.71986
2017-06-13	1.12105	1.27519	0.72206
2017-06-14	1.12184	1.27524	0.72699
2017-06-15	1.1145	1.27552	0.72082
2017-06-16	1.1194	1.27749	0.72505
2017-06-19	1.11482	1.2737	0.72291
2017-06-20	1.1134	1.26262	0.72398
2017-06-21	1.11686	1.2671700000000001	0.72159
2017-06-22	1.11514	1.26837	0.72642
2017-06-23	1.11922	1.27188	0.728
2017-06-26	1.11815	1.2722	0.72884
2017-06-27	1.13379	1.28126	0.7268
2017-06-28	1.13765	1.29251	0.7304
2017-06-29	1.14398	1.30044	0.72977
2017-06-30	1.14194	1.30277	0.73309
2017-07-03	1.13641	1.29398	0.72944
2017-07-04	1.13445	1.29196	0.72852
2017-07-05	1.13516	1.29329	0.7289
2017-07-06	1.14234	1.29714	0.72751
2017-07-07	1.14001	1.28856	0.72775
2017-07-10	1.13992	1.28811	0.72754
2017-07-11	1.14668	1.28474	0.72248
2017-07-12	1.14117	1.28849	0.72589
2017-07-13	1.13973	1.29382	0.73202
2017-07-14	1.14668	1.3103099999999999	0.73464
2017-07-17	1.14782	1.30533	0.7318
2017-07-18	1.1553200000000001	1.30402	0.73481
2017-07-19	1.15154	1.30233	0.73553
2017-07-20	1.16311	1.29738	0.73992
2017-07-21	1.1662	1.29929	0.74524
2017-07-24	1.16406	1.30286	0.74378
2017-07-25	1.1647	1.30253	0.7417
2017-07-26	1.17333	1.31205	0.75195
2017-07-27	1.16756	1.30645	0.7486
2017-07-28	1.17485	1.31354	0.75179
2017-07-31	1.18404	1.3211300000000001	0.75136
2017-08-01	1.18021	1.32051	0.74678
2017-08-02	1.1856	1.3223500000000001	0.74297
2017-08-03	1.1868400000000001	1.31371	0.74343
2017-08-04	1.17712	1.30372	0.74129
2017-08-07	1.1795499999999999	1.3033299999999999	0.73625
2017-08-08	1.17536	1.29935	0.73282
2017-08-09	1.17582	1.30029	0.73386
2017-08-10	1.1773	1.29769	0.72782
2017-08-11	1.18214	1.30095	0.73163
2017-08-14	1.17805	1.29637	0.72846
2017-08-15	1.17344	1.28685	0.72345
2017-08-16	1.1767	1.28915	0.73109
2017-08-17	1.17236	1.2868	0.72821
2017-08-18	1.17594	1.2871299999999999	0.73109
2017-08-21	1.18147	1.28983	0.73267
2017-08-22	1.17616	1.28232	0.72775
2017-08-23	1.18064	1.27985	0.72227
2017-08-24	1.1798899999999999	1.2801	0.72076
2017-08-25	1.1921	1.2877399999999999	0.72381
2017-08-28	1.19788	1.29331	0.72552
2017-08-29	1.19729	1.29187	0.72541
2017-08-30	1.1884000000000001	1.2924	0.72003
2017-08-31	1.19086	1.2932000000000001	0.71767
2017-09-01	1.1862300000000001	1.29548	0.71557
2017-09-04	1.1892800000000001	1.29297	0.71617
2017-09-05	1.19128	1.30317	0.72337
2017-09-06	1.1917	1.30429	0.71986
2017-09-07	1.20209	1.3100800000000001	0.72331
2017-09-08	1.20308	1.31954	0.72599
2017-09-11	1.19529	1.31644	0.72544
2017-09-12	1.19665	1.32828	0.72883
2017-09-13	1.18859	1.32091	0.72393
2017-09-14	1.19183	1.33956	0.72242
2017-09-15	1.19456	1.3587799999999999	0.72894
2017-09-18	1.19542	1.3498	0.72652
2017-09-19	1.19945	1.35128	0.73165
2017-09-20	1.18943	1.34948	0.73559
2017-09-21	1.19411	1.35822	0.73058
2017-09-22	1.19467	1.34952	0.73374
2017-09-25	1.18491	1.34699	0.7264
2017-09-26	1.17934	1.34582	0.72055
2017-09-27	1.17447	1.33871	0.72009
2017-09-28	1.1786699999999999	1.34415	0.72368
2017-09-29	1.1811	1.33965	0.72095
2017-10-02	1.1732	1.32765	0.71957
2017-10-03	1.17447	1.32402	0.71587
2017-10-04	1.176	1.32476	0.71665
2017-10-05	1.17096	1.31175	0.71169
2017-10-06	1.17347	1.30667	0.70899
2017-10-09	1.17412	1.31425	0.70631
2017-10-10	1.1808	1.32031	0.707
2017-10-11	1.18611	1.32249	0.70838
2017-10-12	1.18304	1.32651	0.71302
2017-10-13	1.18214	1.32873	0.71722
2017-10-16	1.17963	1.3250199999999999	0.71717
2017-10-17	1.17665	1.31934	0.71703
2017-10-18	1.17872	1.32033	0.71526
2017-10-19	1.18515	1.31589	0.70289
2017-10-20	1.17788	1.31887	0.69636
2017-10-23	1.17492	1.31962	0.69641
2017-10-24	1.17604	1.31317	0.69038
2017-10-25	1.18128	1.32625	0.68869
2017-10-26	1.16526	1.31616	0.68443
2017-10-27	1.16075	1.31284	0.68745
2017-10-30	1.16514	1.3207	0.68766
2017-10-31	1.1645699999999999	1.32827	0.6847
2017-11-01	1.16178	1.32452	0.68861
2017-11-02	1.16584	1.30587	0.69125
2017-11-03	1.16094	1.30758	0.69058
2017-11-06	1.16096	1.31727	0.69461
2017-11-07	1.15868	1.31664	0.69022
2017-11-08	1.15938	1.31158	0.69673
2017-11-09	1.1641	1.3146	0.69453
2017-11-10	1.16637	1.3188900000000001	0.69336
2017-11-13	1.16667	1.31166	0.69022
2017-11-14	1.17978	1.31649	0.68768
2017-11-15	1.17909	1.317	0.6877
2017-11-16	1.17681	1.31933	0.68484
2017-11-17	1.17895	1.32161	0.6816
2017-11-20	1.17319	1.32333	0.68094
2017-11-21	1.17386	1.32379	0.68292
2017-11-22	1.1822300000000001	1.33227	0.68835
2017-11-23	1.18497	1.33077	0.68892
2017-11-24	1.19319	1.33291	0.68705
2017-11-27	1.1898	1.3319	0.69111
2017-11-28	1.18409	1.3339699999999999	0.68974
2017-11-29	1.18475	1.34089	0.68807
2017-11-30	1.19036	1.35281	0.68321
2017-12-01	1.1898900000000001	1.34722	0.68899
2017-12-04	1.1865700000000001	1.34799	0.68581
2017-12-05	1.18259	1.34418	0.68757
2017-12-06	1.17957	1.33924	0.68807
2017-12-07	1.17723	1.3473	0.68299
2017-12-08	1.17726	1.33926	0.68376
2017-12-11	1.1769	1.33395	0.691
2017-12-12	1.17413	1.33173	0.69335
2017-12-13	1.18261	1.3416299999999999	0.7024
2017-12-14	1.17764	1.3430900000000001	0.69816
2017-12-15	1.17499	1.33191	0.69915
2017-12-18	1.17817	1.3382100000000001	0.69934
2017-12-19	1.1840600000000001	1.33853	0.69733
2017-12-20	1.18714	1.33754	0.70132
2017-12-21	1.18742	1.3385500000000001	0.70172
2017-12-22	1.18611	1.3357700000000001	0.7021
2017-12-26	1.18583	1.33745	0.7039
2017-12-27	1.18894	1.34002	0.7062
2017-12-28	1.1942599999999999	1.34424	0.70878
2017-12-29	1.19957	1.35038	0.70857
2018-01-02	1.20586	1.35933	0.71015
2018-01-03	1.20144	1.3517000000000001	0.70903
2018-01-04	1.2067700000000001	1.35514	0.71544
2018-01-05	1.2029	1.3565800000000001	0.71672
2018-01-08	1.19675	1.3567	0.71748
2018-01-09	1.19362	1.35396	0.71605
2018-01-10	1.19477	1.35072	0.71987
2018-01-11	1.20322	1.35398	0.72608
2018-01-12	1.21956	1.37305	0.72515
2018-01-15	1.22654	1.3795600000000001	0.72998
2018-01-16	1.22602	1.37908	0.7266
2018-01-17	1.21844	1.38275	0.72717
2018-01-18	1.22391	1.38933	0.73007
2018-01-19	1.22191	1.38477	0.7272
2018-01-22	1.22618	1.39877	0.73274
2018-01-23	1.22981	1.39993	0.7353
2018-01-24	1.24071	1.42351	0.73387
2018-01-25	1.23973	1.41391	0.73232
2018-01-26	1.24288	1.415	0.73573
2018-01-29	1.23832	1.40763	0.73221
2018-01-30	1.24019	1.4149	0.73314
2018-01-31	1.24136	1.41932	0.73648
2018-02-01	1.2506	1.42628	0.73947
2018-02-02	1.24559	1.41154	0.72986
2018-02-05	1.23664	1.39588	0.72652
2018-02-06	1.23764	1.39505	0.73413
2018-02-07	1.2264599999999999	1.3881000000000001	0.72345
2018-02-08	1.22465	1.39112	0.72181
2018-02-09	1.22518	1.38269	0.72524
2018-02-12	1.22912	1.38376	0.72637
2018-02-13	1.23514	1.38922	0.72742
2018-02-14	1.24484	1.39978	0.73637
2018-02-15	1.25053	1.40979	0.74066
2018-02-16	1.24103	1.4025400000000001	0.73903
2018-02-19	1.24064	1.39962	0.73706
2018-02-20	1.23369	1.3995	0.73459
2018-02-21	1.2282899999999999	1.39173	0.7318
2018-02-22	1.23285	1.39519	0.7338
2018-02-23	1.22954	1.39696	0.72931
2018-02-26	1.23171	1.39666	0.73013
2018-02-27	1.22328	1.39089	0.72348
2018-02-28	1.21936	1.37591	0.72082
2018-03-01	1.22672	1.3773900000000001	0.72469
2018-03-02	1.23203	1.37985	0.72389
2018-03-05	1.23354	1.3848099999999999	0.72244
2018-03-06	1.24035	1.38869	0.72878
2018-03-07	1.24108	1.38893	0.72744
2018-03-08	1.23104	1.38059	0.72592
2018-03-09	1.23048	1.38497	0.72858
2018-03-12	1.23324	1.39052	0.72935
2018-03-13	1.23892	1.39611	0.73238
2018-03-14	1.23669	1.39605	0.73317
2018-03-15	1.23041	1.39363	0.72766
2018-03-16	1.22877	1.39429	0.72174
2018-03-19	1.2335099999999999	1.40238	0.72437
2018-03-20	1.2241	1.39971	0.71832
2018-03-21	1.23379	1.41406	0.7228
2018-03-22	1.23014	1.40961	0.72074
2018-03-23	1.2353	1.41331	0.72379
2018-03-26	1.24434	1.42282	0.72978
2018-03-27	1.2402	1.41566	0.72666
2018-03-28	1.23081	1.40761	0.72108
2018-03-29	1.22999	1.40188	0.72291
2018-03-30	1.2326	1.4028100000000001	0.7231
2018-04-02	1.23011	1.40435	0.72097
2018-04-03	1.22702	1.40541	0.72549
2018-04-04	1.22776	1.4078	0.7303
2018-04-05	1.22393	1.40019	0.72706
2018-04-06	1.22805	1.40911	0.7273
2018-04-09	1.23203	1.41284	0.73033
2018-04-10	1.23552	1.41731	0.73564
2018-04-11	1.2366	1.4176	0.73566
2018-04-12	1.23259	1.42264	0.73716
2018-04-13	1.23302	1.42384	0.73519
2018-04-16	1.23789	1.43362	0.73608
2018-04-17	1.23694	1.42844	0.73397
2018-04-18	1.23735	1.42001	0.7313
2018-04-19	1.23451	1.40819	0.72679
2018-04-20	1.22896	1.40077	0.72089
2018-04-23	1.2208	1.39395	0.71476
2018-04-24	1.22318	1.3976600000000001	0.71165
2018-04-25	1.21603	1.39276	0.70659
2018-04-26	1.2103	1.39171	0.70619
2018-04-27	1.21292	1.37795	0.70837
2018-04-30	1.20772	1.37548	0.70349
2018-05-01	1.19923	1.3614	0.7004
2018-05-02	1.195	1.35707	0.69927
2018-05-03	1.19875	1.3572199999999999	0.70413
2018-05-04	1.1963300000000001	1.35324	0.70226
2018-05-07	1.1921599999999999	1.3557000000000001	0.70101
2018-05-08	1.18635	1.35458	0.69708
2018-05-09	1.185	1.3544100000000001	0.69817
2018-05-10	1.1914500000000001	1.35158	0.69607
2018-05-11	1.19398	1.35431	0.69652
2018-05-14	1.1926	1.3555	0.69117
2018-05-15	1.18374	1.3502100000000001	0.68602
2018-05-16	1.18064	1.34845	0.68951
2018-05-17	1.1793	1.35149	0.68739
2018-05-18	1.17695	1.34714	0.69187
2018-05-21	1.17911	1.34211	0.69452
2018-05-22	1.17778	1.34306	0.69301
2018-05-23	1.16948	1.33446	0.69163
2018-05-24	1.17191	1.33782	0.69255
2018-05-25	1.16513	1.33008	0.69175
2018-05-28	1.16238	1.33083	0.69411
2018-05-29	1.15395	1.32413	0.69032
2018-05-30	1.16616	1.32817	0.69852
2018-05-31	1.16906	1.3294000000000001	0.69981
2018-06-01	1.16602	1.33504	0.69876
2018-06-04	1.16977	1.33135	0.70269
2018-06-05	1.17168	1.33835	0.70204
2018-06-06	1.17732	1.34106	0.70327
2018-06-07	1.17978	1.34218	0.70242
2018-06-08	1.17707	1.3407499999999999	0.70294
2018-06-11	1.17827	1.33724	0.70165
2018-06-12	1.17442	1.33722	0.70056
2018-06-13	1.17908	1.33739	0.70206
2018-06-14	1.15675	1.32603	0.69747
2018-06-15	1.16066	1.3281	0.6942
2018-06-18	1.16222	1.32451	0.69327
2018-06-19	1.15875	1.31726	0.6895
2018-06-20	1.15704	1.31686	0.68792
2018-06-21	1.1602999999999999	1.32333	0.68592
2018-06-22	1.1657	1.3263099999999999	0.6908
2018-06-25	1.1703000000000001	1.3276	0.68965
2018-06-26	1.1646	1.32165	0.68523
2018-06-27	1.15528	1.31124	0.67819
2018-06-28	1.1568	1.30769	0.67554
2018-06-29	1.16827	1.32063	0.67778
2018-07-02	1.16389	1.31419	0.67149
2018-07-03	1.16562	1.31893	0.6755
2018-07-04	1.16553	1.32203	0.67583
2018-07-05	1.16901	1.32172	0.67813
2018-07-06	1.17414	1.32797	0.68411
2018-07-09	1.17499	1.32546	0.68306
2018-07-10	1.17438	1.32697	0.68349
2018-07-11	1.16723	1.3201	0.67581
2018-07-12	1.16703	1.32043	0.67764
2018-07-13	1.16859	1.32349	0.67676
2018-07-16	1.17107	1.32351	0.67756
2018-07-17	1.16605	1.31146	0.67809
2018-07-18	1.1638	1.3069	0.67929
2018-07-19	1.16407	1.30136	0.67408
2018-07-20	1.17206	1.31301	0.68082
2018-07-23	1.16912	1.30992	0.67831
2018-07-24	1.16837	1.31432	0.67946
2018-07-25	1.1728	1.31874	0.68346
2018-07-26	1.16422	1.3106900000000001	0.67793
2018-07-27	1.16564	1.3103099999999999	0.67969
2018-07-30	1.17051	1.3131599999999999	0.68151
2018-07-31	1.16907	1.31208	0.68111
2018-08-01	1.1659	1.31259	0.67901
2018-08-02	1.15838	1.30156	0.67386
2018-08-03	1.15661	1.30011	0.67465
2018-08-06	1.15533	1.29434	0.67312
2018-08-07	1.15981	1.29391	0.67346
2018-08-08	1.16097	1.28795	0.67412
2018-08-09	1.15267	1.28231	0.66115
2018-08-10	1.14083	1.27698	0.65777
2018-08-13	1.1408800000000001	1.27554	0.65771
2018-08-14	1.13435	1.27198	0.65691
2018-08-15	1.1344400000000001	1.26939	0.65607
2018-08-16	1.1376	1.27082	0.65839
2018-08-17	1.14414	1.27515	0.66353
2018-08-20	1.14802	1.27969	0.66318
2018-08-21	1.15696	1.28887	0.66727
2018-08-22	1.15961	1.29039	0.6692
2018-08-23	1.15378	1.2800099999999999	0.66274
2018-08-24	1.16214	1.28475	0.66913
2018-08-27	1.16775	1.2888600000000001	0.66867
2018-08-28	1.16938	1.2867	0.66936
2018-08-29	1.17064	1.30234	0.67109
2018-08-30	1.16696	1.3007	0.66532
2018-08-31	1.16078	1.29578	0.66215
2018-09-03	1.16182	1.28674	0.65985
2018-09-04	1.15802	1.2852299999999999	0.65497
2018-09-05	1.16292	1.29003	0.65888
2018-09-06	1.16218	1.29249	0.65844
2018-09-07	1.15538	1.2917399999999999	0.65306
2018-09-10	1.15917	1.3024499999999999	0.65224
2018-09-11	1.1604700000000001	1.30281	0.65235
2018-09-12	1.16253	1.30339	0.6558
2018-09-13	1.16896	1.31059	0.65582
2018-09-14	1.16216	1.30701	0.65477
2018-09-17	1.16816	1.31572	0.65703
2018-09-18	1.16645	1.31464	0.65746
2018-09-19	1.16721	1.31423	0.66108
2018-09-20	1.17761	1.32545	0.66814
2018-09-21	1.17525	1.30807	0.66821
2018-09-24	1.17466	1.31182	0.66404
2018-09-25	1.17654	1.31735	0.66442
2018-09-26	1.17361	1.31641	0.66506
2018-09-27	1.16402	1.30737	0.66078
2018-09-28	1.1602999999999999	1.30285	0.66173
2018-10-01	1.1577600000000001	1.30416	0.66111
2018-10-02	1.15455	1.2978	0.65885
2018-10-03	1.1476	1.29345	0.65113
2018-10-04	1.15133	1.30203	0.64751
2018-10-05	1.15194	1.31132	0.64403
2018-10-08	1.14907	1.30842	0.64367
2018-10-09	1.1489	1.31413	0.64681
2018-10-10	1.15181	1.3186	0.64433
2018-10-11	1.15929	1.32184	0.65043
2018-10-12	1.1558	1.31513	0.65091
2018-10-15	1.15785	1.31501	0.65479
2018-10-16	1.15732	1.3170899999999999	0.65572
2018-10-17	1.14999	1.31119	0.65452
2018-10-18	1.14523	1.30164	0.65412
2018-10-19	1.15152	1.30666	0.65911
2018-10-22	1.14633	1.2956699999999999	0.65979
2018-10-23	1.14695	1.29809	0.65465
2018-10-24	1.13909	1.28782	0.65204
2018-10-25	1.13745	1.28141	0.6512
2018-10-26	1.14016	1.28281	0.65247
2018-10-29	1.1372	1.27907	0.65206
2018-10-30	1.13428	1.27011	0.6553
2018-10-31	1.13107	1.27644	0.65163
2018-11-01	1.14076	1.29981	0.66502
2018-11-02	1.13877	1.29687	0.66469
2018-11-05	1.14065	1.30405	0.66552
2018-11-06	1.14261	1.30961	0.67359
2018-11-07	1.1425	1.31237	0.67805
2018-11-08	1.1363	1.3060399999999999	0.67501
2018-11-09	1.1335	1.29736	0.6737
2018-11-12	1.12177	1.28468	0.67088
2018-11-13	1.12874	1.29675	0.67577
2018-11-14	1.13071	1.29823	0.67853
2018-11-15	1.13251	1.27627	0.68242
2018-11-16	1.14173	1.2827	0.68782
2018-11-19	1.14521	1.2843200000000001	0.68356
2018-11-20	1.13692	1.27861	0.67832
2018-11-21	1.13817	1.27743	0.68319
2018-11-22	1.13997	1.28692	0.6812
2018-11-23	1.1332	1.28012	0.67789
2018-11-26	1.13272	1.28034	0.67688
2018-11-27	1.12847	1.2742	0.67846
2018-11-28	1.13656	1.28231	0.68663
2018-11-29	1.13917	1.27805	0.68565
2018-11-30	1.13151	1.27493	0.68791
2018-12-03	1.13527	1.2723	0.69244
2018-12-04	1.13415	1.27133	0.69286
2018-12-05	1.13443	1.27317	0.68978
2018-12-06	1.13693	1.27726	0.68728
2018-12-07	1.14017	1.27349	0.68611
2018-12-10	1.13545	1.25601	0.68679
2018-12-11	1.13153	1.24817	0.68724
2018-12-12	1.13682	1.26231	0.68543
2018-12-13	1.13557	1.2657	0.68516
2018-12-14	1.13003	1.25807	0.67936
2018-12-17	1.13471	1.26143	0.68044
2018-12-18	1.13619	1.2631000000000001	0.68399
2018-12-19	1.1372200000000001	1.26057	0.67638
2018-12-20	1.14447	1.26521	0.67734
2018-12-21	1.13653	1.2635	0.67085
2018-12-24	1.1416	1.26938	0.67236
2018-12-26	1.13504	1.2631700000000001	0.67267
2018-12-27	1.14282	1.26409	0.66969
2018-12-28	1.14401	1.26929	0.67062
2018-12-31	1.146	1.27647	0.671
2019-01-02	1.13422	1.26022	0.66522
2019-01-03	1.13924	1.26182	0.66913
2019-01-04	1.13956	1.2726600000000001	0.67364
2019-01-07	1.1473200000000001	1.2769	0.67506
2019-01-08	1.14398	1.27124	0.67202
2019-01-09	1.15416	1.27863	0.67867
2019-01-10	1.14991	1.2736100000000001	0.67771
2019-01-11	1.14646	1.28391	0.6831
2019-01-14	1.14678	1.28544	0.68212
2019-01-15	1.1412200000000001	1.28553	0.68139
2019-01-16	1.1391	1.28751	0.67743
2019-01-17	1.13874	1.2983	0.6761
2019-01-18	1.1364	1.28725	0.67424
2019-01-21	1.13644	1.28904	0.67294
2019-01-22	1.13595	1.2947899999999999	0.67473
2019-01-23	1.13789	1.3066200000000001	0.67864
2019-01-24	1.13008	1.3062	0.67607
2019-01-25	1.14043	1.31972	0.68364
2019-01-28	1.14264	1.31541	0.68263
2019-01-29	1.1431	1.30637	0.68324
2019-01-30	1.14785	1.3115	0.68832
2019-01-31	1.14451	1.30989	0.69102
2019-02-01	1.14541	1.30769	0.68924
2019-02-04	1.14349	1.30301	0.68781
2019-02-05	1.14049	1.29422	0.68881
2019-02-06	1.13611	1.29274	0.67745
2019-02-07	1.13392	1.29502	0.67452
2019-02-08	1.13236	1.29404	0.67449
2019-02-11	1.12753	1.285	0.67318
2019-02-12	1.13248	1.28905	0.67342
2019-02-13	1.12599	1.284	0.67954
2019-02-14	1.12944	1.27977	0.6836
2019-02-15	1.12927	1.28882	0.68654
2019-02-18	1.13086	1.29224	0.68446
2019-02-19	1.13398	1.30606	0.68804
2019-02-20	1.13353	1.30401	0.68547
2019-02-21	1.1332200000000001	1.3035999999999999	0.67982
2019-02-22	1.13321	1.30541	0.68463
2019-02-25	1.13569	1.30954	0.68824
2019-02-26	1.13882	1.3250199999999999	0.68812
2019-02-27	1.13691	1.3305799999999999	0.68394
2019-02-28	1.13684	1.32593	0.68049
2019-03-01	1.13629	1.32108	0.67969
2019-03-04	1.13375	1.31644	0.681
2019-03-05	1.13073	1.3177699999999999	0.67867
2019-03-06	1.13058	1.3168199999999999	0.67662
2019-03-07	1.1193	1.30806	0.67513
2019-03-08	1.12333	1.30179	0.68046
2019-03-11	1.12439	1.31449	0.68277
2019-03-12	1.1286100000000001	1.3070300000000001	0.68593
2019-03-13	1.13264	1.3333599999999999	0.68568
2019-03-14	1.1303	1.32379	0.68127
2019-03-15	1.13238	1.32926	0.68473
2019-03-18	1.13364	1.32531	0.68522
2019-03-19	1.13509	1.32642	0.68533
2019-03-20	1.14128	1.3189	0.6882
2019-03-21	1.13723	1.30934	0.68739
2019-03-22	1.13001	1.32094	0.68768
2019-03-25	1.1311	1.31856	0.69057
2019-03-26	1.12652	1.32034	0.69058
2019-03-27	1.12435	1.3185	0.67961
2019-03-28	1.1219999999999999	1.30348	0.67755
2019-03-29	1.12176	1.30292	0.68066
2019-04-01	1.12122	1.3103799999999999	0.6804
2019-04-02	1.12036	1.3118	0.67551
2019-04-03	1.12321	1.3152	0.67763
2019-04-04	1.12197	1.30707	0.67516
2019-04-05	1.12169	1.30359	0.67347
2019-04-08	1.12607	1.30578	0.67375
2019-04-09	1.12613	1.30402	0.67387
2019-04-10	1.12732	1.30829	0.67616
2019-04-11	1.12511	1.30497	0.67254
2019-04-12	1.12981	1.30739	0.67606
2019-04-15	1.1303	1.30918	0.67608
2019-04-16	1.12799	1.30439	0.67609
2019-04-17	1.12935	1.30332	0.67256
2019-04-18	1.1229	1.29795	0.66763
2019-04-19	1.12403	1.29859	0.66844
2019-04-22	1.12567	1.29764	0.66767
2019-04-23	1.1227	1.2933	0.66558
2019-04-24	1.1152	1.28963	0.65889
2019-04-25	1.11295	1.28965	0.66236
2019-04-26	1.11474	1.2916400000000001	0.66607
2019-04-29	1.11841	1.29307	0.66675
2019-04-30	1.1214	1.30261	0.66708
2019-05-01	1.11951	1.30494	0.66188
2019-05-02	1.1171	1.3030599999999999	0.66156
2019-05-03	1.12014	1.3175	0.66427
2019-05-06	1.11985	1.30935	0.66061
2019-05-07	1.11915	1.30718	0.65982
2019-05-08	1.11906	1.30029	0.65712
2019-05-09	1.12128	1.30038	0.6587
2019-05-10	1.12342	1.29997	0.65967
2019-05-13	1.12211	1.29563	0.65667
2019-05-14	1.12035	1.29029	0.65713
2019-05-15	1.11999	1.2840099999999999	0.6562
2019-05-16	1.11731	1.27895	0.65338
2019-05-17	1.11579	1.27155	0.65159
2019-05-20	1.11654	1.2720799999999999	0.65322
2019-05-21	1.11599	1.27044	0.65033
2019-05-22	1.1149499999999999	1.26574	0.64917
2019-05-23	1.11805	1.26555	0.65124
2019-05-24	1.12051	1.27109	0.65515
2019-05-27	1.11909	1.26724	0.65424
2019-05-28	1.11596	1.26515	0.65397
2019-05-29	1.11307	1.26197	0.65102
2019-05-30	1.11286	1.2601499999999999	0.65084
2019-05-31	1.11683	1.2628	0.65375
2019-06-03	1.12395	1.26624	0.65952
2019-06-04	1.12514	1.26924	0.66084
2019-06-05	1.12204	1.26819	0.661
2019-06-06	1.12751	1.26857	0.66168
2019-06-07	1.1331	1.27362	0.66613
2019-06-10	1.13105	1.26824	0.66014
2019-06-11	1.1325	1.27179	0.65796
2019-06-12	1.12865	1.26863	0.65711
2019-06-13	1.12759	1.26703	0.65637
2019-06-14	1.12108	1.25879	0.64893
2019-06-17	1.12171	1.25308	0.64918
2019-06-18	1.11939	1.25543	0.65272
2019-06-19	1.12259	1.26362	0.65347
2019-06-20	1.12914	1.26941	0.65816
2019-06-21	1.13682	1.27459	0.65884
2019-06-24	1.13968	1.27376	0.66163
2019-06-25	1.13653	1.26813	0.66372
2019-06-26	1.13674	1.2684199999999999	0.66766
2019-06-27	1.13685	1.26673	0.6699
2019-06-28	1.13694	1.26963	0.67164
2019-07-01	1.1284399999999999	1.26339	0.66676
2019-07-02	1.12841	1.25899	0.66689
2019-07-03	1.12763	1.2570999999999999	0.67037
2019-07-04	1.12841	1.25713	0.66836
2019-07-05	1.12259	1.25268	0.66245
2019-07-08	1.12137	1.2508	0.66162
2019-07-09	1.12077	1.24587	0.66022
2019-07-10	1.125	1.24981	0.66405
2019-07-11	1.12526	1.2515399999999999	0.6656
2019-07-12	1.12697	1.25763	0.66949
2019-07-15	1.12574	1.25141	0.67161
2019-07-16	1.12086	1.24018	0.66921
2019-07-17	1.12235	1.24308	0.67274
2019-07-18	1.1274899999999999	1.25423	0.67797
2019-07-19	1.12195	1.25052	0.67619
2019-07-22	1.12079	1.24719	0.67569
2019-07-23	1.1151	1.2434	0.67023
2019-07-24	1.11393	1.24807	0.67038
2019-07-25	1.11462	1.24477	0.66622
2019-07-26	1.11266	1.23837	0.66327
2019-07-29	1.11449	1.2215799999999999	0.66294
2019-07-30	1.11538	1.21455	0.66127
2019-07-31	1.10752	1.21473	0.65581
2019-08-01	1.10836	1.21266	0.65494
2019-08-02	1.11049	1.21619	0.65353
2019-08-05	1.12024	1.21383	0.65288
2019-08-06	1.11979	1.21618	0.65176
2019-08-07	1.11978	1.21357	0.64401
2019-08-08	1.11792	1.21299	0.64773
2019-08-09	1.12006	1.20251	0.64634
2019-08-12	1.12126	1.20725	0.64405
2019-08-13	1.11703	1.20549	0.64448
2019-08-14	1.1137	1.20522	0.64299
2019-08-15	1.11061	1.20875	0.64427
2019-08-16	1.10892	1.21432	0.64245
2019-08-19	1.10768	1.21241	0.64019
2019-08-20	1.10979	1.21648	0.64134
2019-08-21	1.10837	1.21215	0.63993
2019-08-22	1.1078999999999999	1.22413	0.63599
2019-08-23	1.11449	1.2292	0.63938
2019-08-26	1.10992	1.22132	0.63858
2019-08-27	1.10883	1.22847	0.63606
2019-08-28	1.10766	1.22036	0.63338
2019-08-29	1.1056	1.21761	0.63093
2019-08-30	1.09937	1.21644	0.63102
2019-09-02	1.09649	1.2058200000000001	0.63044
2019-09-03	1.0972	1.20788	0.63308
2019-09-04	1.10338	1.22495	0.63548
2019-09-05	1.10337	1.23222	0.63681
2019-09-06	1.10247	1.22876	0.64258
2019-09-09	1.10442	1.23405	0.64125
2019-09-10	1.1043	1.23484	0.64164
2019-09-11	1.101	1.23177	0.6407
2019-09-12	1.10626	1.23255	0.64033
2019-09-13	1.10754	1.25046	0.63765
2019-09-16	1.09991	1.24259	0.63461
2019-09-17	1.10709	1.24953	0.63486
2019-09-18	1.10292	1.24643	0.63161
2019-09-19	1.104	1.25173	0.62965
2019-09-20	1.10192	1.24688	0.62583
2019-09-23	1.09922	1.24232	0.62917
2019-09-24	1.10183	1.24774	0.63225
2019-09-25	1.0941	1.23451	0.62668
2019-09-26	1.0919	1.23159	0.62911
2019-09-27	1.09406	1.22882	0.62948
2019-09-30	1.08978	1.2278	0.62588
2019-10-01	1.09316	1.22934	0.62406
2019-10-02	1.09589	1.22917	0.62657
2019-10-03	1.09616	1.23212	0.62955
2019-10-04	1.09768	1.23327	0.63127
2019-10-07	1.09688	1.22875	0.62858
2019-10-08	1.09554	1.22165	0.62914
2019-10-09	1.09694	1.22012	0.62895
2019-10-10	1.10046	1.24283	0.63143
2019-10-11	1.10348	1.26458	0.63359
2019-10-14	1.10247	1.2606600000000001	0.62966
2019-10-15	1.1031900000000001	1.27773	0.62908
2019-10-16	1.10707	1.2824499999999999	0.62875
2019-10-17	1.1121	1.28842	0.63452
2019-10-18	1.11702	1.29489	0.63863
2019-10-21	1.11492	1.29576	0.63978
2019-10-22	1.11242	1.28696	0.64035
2019-10-23	1.11295	1.2904900000000001	0.642
2019-10-24	1.11032	1.28479	0.63801
2019-10-25	1.10791	1.28296	0.63488
2019-10-28	1.10989	1.28524	0.63487
2019-10-29	1.11113	1.28515	0.63546
2019-10-30	1.115	1.28958	0.63859
2019-10-31	1.11509	1.29383	0.64115
2019-11-01	1.11639	1.29402	0.64263
2019-11-04	1.11265	1.2880099999999999	0.63991
2019-11-05	1.1074	1.28809	0.63728
2019-11-06	1.10652	1.2852700000000001	0.63667
2019-11-07	1.10496	1.2805	0.63621
2019-11-08	1.10188	1.278	0.63274
2019-11-11	1.10318	1.28458	0.63534
2019-11-12	1.10078	1.28429	0.63278
2019-11-13	1.10067	1.2847	0.64087
2019-11-14	1.10203	1.28804	0.63796
2019-11-15	1.10517	1.29013	0.64019
2019-11-18	1.10709	1.29501	0.63958
2019-11-19	1.10773	1.29218	0.64281
2019-11-20	1.10712	1.29218	0.64154
2019-11-21	1.10575	1.29122	0.63956
2019-11-22	1.10193	1.28319	0.64037
2019-11-25	1.10124	1.28933	0.64157
2019-11-26	1.10211	1.28636	0.64223
2019-11-27	1.09988	1.29134	0.64165
2019-11-28	1.10059	1.29043	0.64119
2019-11-29	1.10199	1.29404	0.64224
2019-12-02	1.10782	1.29342	0.65014
2019-12-03	1.10791	1.2993000000000001	0.65176
2019-12-04	1.10766	1.31027	0.65224
2019-12-05	1.1103399999999999	1.31568	0.65413
2019-12-06	1.10598	1.31357	0.65666
2019-12-09	1.10634	1.31354	0.65438
2019-12-10	1.1090200000000001	1.31525	0.65425
2019-12-11	1.11289	1.31942	0.6584
2019-12-12	1.11235	1.31641	0.65937
2019-12-13	1.11175	1.3334	0.65905
2019-12-16	1.11424	1.3321	0.65955
2019-12-17	1.11481	1.31261	0.65668
2019-12-18	1.11125	1.30755	0.65872
2019-12-19	1.11199	1.3007900000000001	0.6606
2019-12-20	1.10751	1.29999	0.66035
2019-12-23	1.10882	1.293	0.66323
2019-12-24	1.10856	1.29344	0.66296
2019-12-26	1.1096300000000001	1.2985	0.66651
2019-12-27	1.11761	1.30846	0.67032
2019-12-30	1.11972	1.31106	0.67267
2019-12-31	1.12087	1.32561	0.67254
2020-01-02	1.11707	1.31326	0.66898
2020-01-03	1.11557	1.30745	0.66628
2020-01-06	1.11961	1.3162099999999999	0.66675
2020-01-07	1.11521	1.31204	0.66403
2020-01-08	1.11049	1.30919	0.66472
2020-01-09	1.11053	1.30657	0.66142
2020-01-10	1.11209	1.30637	0.66347
2020-01-13	1.11333	1.29862	0.6629
2020-01-14	1.11283	1.30175	0.66109
2020-01-15	1.11492	1.30374	0.66162
2020-01-16	1.11352	1.30771	0.66337
2020-01-17	1.10893	1.30094	0.661
2020-01-20	1.10933	1.3007	0.66058
2020-01-21	1.10813	1.30475	0.65956
2020-01-22	1.10921	1.31376	0.65931
2020-01-23	1.10527	1.31241	0.66172
2020-01-24	1.1025800000000001	1.30711	0.66083
2020-01-27	1.10174	1.30563	0.65439
2020-01-28	1.10219	1.30273	0.65446
2020-01-29	1.10099	1.30171	0.65258
2020-01-30	1.10302	1.3091300000000001	0.64857
2020-01-31	1.10945	1.3208	0.64634
2020-02-03	1.10589	1.29924	0.64614
2020-02-04	1.10444	1.3031	0.64902
2020-02-05	1.09983	1.2999100000000001	0.6473
2020-02-06	1.09803	1.2925	0.64578
2020-02-07	1.0943	1.28814	0.64021
2020-02-10	1.09106	1.29127	0.63835
2020-02-11	1.0915	1.295	0.64031
2020-02-12	1.08725	1.29584	0.64645
2020-02-13	1.08389	1.30398	0.64369
2020-02-14	1.08304	1.30473	0.64338
2020-02-17	1.08333	1.30022	0.6433
2020-02-18	1.07916	1.29961	0.6385
2020-02-19	1.0803	1.29177	0.6385
2020-02-20	1.07834	1.28813	0.63296
2020-02-21	1.08475	1.29569	0.63518
2020-02-24	1.08524	1.29267	0.63378
2020-02-25	1.08802	1.30039	0.63197
2020-02-26	1.08797	1.2897	0.62879
2020-02-27	1.09997	1.28839	0.63049
2020-02-28	1.10294	1.28216	0.62465
2020-03-02	1.11326	1.2751700000000001	0.62599
2020-03-03	1.11691	1.28079	0.62748
2020-03-04	1.11342	1.28699	0.62969
2020-03-05	1.12355	1.29489	0.6299
2020-03-06	1.129	1.3045	0.63559
2020-03-09	1.1437599999999999	1.31152	0.63328
2020-03-10	1.1278299999999999	1.28998	0.62669
2020-03-11	1.12674	1.28141	0.62668
2020-03-12	1.11828	1.25565	0.60786
2020-03-13	1.11022	1.22911	0.60631
2020-03-16	1.11788	1.22655	0.6039
2020-03-17	1.09974	1.20508	0.59238
2020-03-18	1.09094	1.16082	0.57349
2020-03-19	1.06893	1.14814	0.56598
2020-03-20	1.06937	1.15985	0.57031
2020-03-23	1.07253	1.1535199999999999	0.57157
2020-03-24	1.07847	1.17512	0.58228
2020-03-25	1.08806	1.18809	0.58491
2020-03-26	1.10303	1.21959	0.59569
2020-03-27	1.1143	1.2475100000000001	0.60413
2020-03-30	1.10406	1.2417	0.60138
2020-03-31	1.10302	1.24093	0.59581
2020-04-01	1.09603	1.23684	0.59129
2020-04-02	1.08555	1.23928	0.59124
2020-04-03	1.08127	1.22675	0.58596
2020-04-06	1.07902	1.22278	0.59266
2020-04-07	1.08896	1.23328	0.59728
2020-04-08	1.08556	1.23806	0.60029
2020-04-09	1.09289	1.24508	0.60848
2020-04-10	1.09343	1.24336	0.6065
2020-04-13	1.09079	1.2502499999999999	0.60846
2020-04-14	1.09799	1.26219	0.61039
2020-04-15	1.09097	1.25209	0.59929
2020-04-16	1.08382	1.24542	0.59597
2020-04-17	1.08739	1.25072	0.60327
2020-04-20	1.0860400000000001	1.24305	0.60339
2020-04-21	1.08565	1.22934	0.5962
2020-04-22	1.08221	1.23316	0.59512
2020-04-23	1.07754	1.2343899999999999	0.60059
2020-04-24	1.0824	1.23663	0.60186
2020-04-27	1.08276	1.24259	0.60456
2020-04-28	1.08188	1.2422900000000001	0.60543
2020-04-29	1.08747	1.24704	0.6131
2020-04-30	1.09508	1.25942	0.61249
2020-05-01	1.09804	1.24911	0.60605
2020-05-04	1.09068	1.24409	0.60479
2020-05-05	1.08339	1.24319	0.60503
2020-05-06	1.07943	1.23379	0.60105
2020-05-07	1.08308	1.23596	0.60858
2020-05-08	1.08381	1.24073	0.61347
2020-05-11	1.08057	1.23319	0.60765
2020-05-12	1.08474	1.22554	0.6073
2020-05-13	1.0817	1.22316	0.59923
2020-05-14	1.08038	1.22296	0.5998
2020-05-15	1.0818	1.2101899999999999	0.59346
2020-05-18	1.09119	1.21929	0.60379
2020-05-19	1.09217	1.22493	0.60739
2020-05-20	1.09776	1.22344	0.61439
2020-05-21	1.09462	1.22187	0.61188
2020-05-22	1.09024	1.21667	0.60936
2020-05-25	1.08954	1.21832	0.61003
2020-05-26	1.09818	1.2331	0.61968
2020-05-27	1.10088	1.22579	0.6187
2020-05-28	1.10761	1.23199	0.62074
2020-05-29	1.11075	1.23498	0.6207
2020-06-01	1.11343	1.24882	0.629
2020-06-02	1.11685	1.25489	0.63689
2020-06-03	1.12319	1.2573400000000001	0.64228
2020-06-04	1.13364	1.25939	0.64616
2020-06-05	1.12875	1.26679	0.65037
2020-06-08	1.12934	1.27216	0.65598
2020-06-09	1.1338	1.27264	0.65126
2020-06-10	1.13719	1.27461	0.65331
2020-06-11	1.12974	1.25997	0.64285
2020-06-12	1.12606	1.2548300000000001	0.64503
2020-06-15	1.13214	1.26052	0.64727
2020-06-16	1.1263	1.25709	0.64486
2020-06-17	1.12438	1.2554699999999999	0.64557
2020-06-18	1.12045	1.24207	0.64264
2020-06-19	1.11765	1.23484	0.64075
2020-06-22	1.12595	1.24679	0.64777
2020-06-23	1.1308	1.25199	0.64906
2020-06-24	1.12499	1.24191	0.64081
2020-06-25	1.12168	1.24169	0.64281
2020-06-26	1.12176	1.23353	0.6422
2020-06-29	1.12415	1.22969	0.64191
2020-06-30	1.12326	1.23992	0.64529
2020-07-01	1.1251	1.24728	0.64743
2020-07-02	1.12385	1.24669	0.65061
2020-07-03	1.12448	1.24808	0.65235
2020-07-06	1.13081	1.24908	0.65524
2020-07-07	1.1273	1.25416	0.65454
2020-07-08	1.13296	1.26084	0.65726
2020-07-09	1.12842	1.26031	0.65673
2020-07-10	1.12964	1.26203	0.65707
2020-07-13	1.13427	1.25512	0.65388
2020-07-14	1.13992	1.25519	0.65297
2020-07-15	1.1411	1.25851	0.657
2020-07-16	1.13827	1.25525	0.65346
2020-07-17	1.14254	1.25665	0.6556
2020-07-20	1.14472	1.266	0.65759
2020-07-21	1.15263	1.27305	0.66411
2020-07-22	1.15689	1.27318	0.66607
2020-07-23	1.15955	1.27385	0.66335
2020-07-24	1.16545	1.27959	0.66419
2020-07-27	1.17511	1.2880099999999999	0.66835
2020-07-28	1.17141	1.29304	0.66586
2020-07-29	1.17909	1.2995	0.66677
2020-07-30	1.18465	1.3094700000000001	0.66986
2020-07-31	1.17713	1.30822	0.66274
2020-08-03	1.17619	1.30739	0.66109
2020-08-04	1.18019	1.30705	0.66208
2020-08-05	1.18629	1.31127	0.66458
2020-08-06	1.18763	1.31409	0.66861
2020-08-07	1.17853	1.3053	0.65988
2020-08-10	1.17357	1.30715	0.65898
2020-08-11	1.1739	1.30462	0.65758
2020-08-12	1.17844	1.30311	0.65776
2020-08-13	1.1813	1.30661	0.65459
2020-08-14	1.18411	1.30902	0.6544
2020-08-17	1.18695	1.31025	0.65571
2020-08-18	1.19306	1.32367	0.65998
2020-08-19	1.1837	1.30951	0.65564
2020-08-20	1.18596	1.32129	0.65342
2020-08-21	1.17962	1.3088600000000001	0.6543
2020-08-24	1.17869	1.30614	0.65255
2020-08-25	1.18338	1.31487	0.65462
2020-08-26	1.18298	1.32088	0.66204
2020-08-27	1.18208	1.31998	0.66379
2020-08-28	1.19058	1.33508	0.67393
2020-08-31	1.19346	1.33681	0.6732
2020-09-01	1.19113	1.3382100000000001	0.67564
2020-09-02	1.18541	1.33501	0.67699
2020-09-03	1.18509	1.32791	0.67102
2020-09-04	1.18392	1.32762	0.67199
2020-09-07	1.18114	1.3161800000000001	0.66905
2020-09-08	1.17726	1.29804	0.66167
2020-09-09	1.18023	1.2999100000000001	0.66827
2020-09-10	1.18134	1.28042	0.66497
2020-09-11	1.18457	1.2796699999999999	0.66662
2020-09-14	1.18622	1.28431	0.66991
2020-09-15	1.18461	1.28875	0.67119
2020-09-16	1.18158	1.2966199999999999	0.67314
2020-09-17	1.18473	1.29709	0.6754
2020-09-18	1.18411	1.29221	0.67573
2020-09-21	1.17699	1.28145	0.66663
2020-09-22	1.1707	1.27299	0.66329
2020-09-23	1.16589	1.2723900000000001	0.6547
2020-09-24	1.16671	1.27403	0.65459
2020-09-25	1.16291	1.2742	0.65461
2020-09-28	1.16658	1.28278	0.65509
2020-09-29	1.17423	1.28538	0.65904
2020-09-30	1.17195	1.2921	0.6615
2020-10-01	1.1743999999999999	1.28839	0.66483
2020-10-02	1.17166	1.29373	0.66366
2020-10-05	1.17835	1.29767	0.66402
2020-10-06	1.17325	1.28708	0.65865
2020-10-07	1.17614	1.29165	0.65771
2020-10-08	1.17596	1.29359	0.65812
2020-10-09	1.18293	1.30493	0.66716
2020-10-12	1.18108	1.30619	0.66458
2020-10-13	1.17424	1.29324	0.66468
2020-10-14	1.17444	1.3008899999999999	0.66554
2020-10-15	1.17059	1.29022	0.65964
2020-10-16	1.1716	1.2907	0.66036
2020-10-19	1.17696	1.29402	0.66037
2020-10-20	1.18214	1.2944200000000001	0.65782
2020-10-21	1.18549	1.31406	0.66538
2020-10-22	1.18175	1.30774	0.66745
2020-10-23	1.18597	1.30454	0.66891
2020-10-26	1.18086	1.30232	0.66773
2020-10-27	1.17944	1.30458	0.6706
2020-10-28	1.1745	1.2981099999999999	0.66377
2020-10-29	1.16726	1.29258	0.6627
2020-10-30	1.16463	1.2950300000000001	0.66124
2020-11-02	1.16401	1.29173	0.66338
2020-11-03	1.1716	1.30572	0.66986
2020-11-04	1.1721300000000001	1.29812	0.66909
2020-11-05	1.18279	1.31439	0.67679
2020-11-06	1.18747	1.31479	0.67725
2020-11-09	1.18126	1.3161100000000001	0.68167
2020-11-10	1.18116	1.3268900000000001	0.68256
2020-11-11	1.17773	1.32188	0.6881
2020-11-12	1.18034	1.3115299999999999	0.68398
2020-11-13	1.1832799999999999	1.31981	0.68466
2020-11-16	1.18499	1.32019	0.69028
2020-11-17	1.1859899999999999	1.3247499999999999	0.68897
2020-11-18	1.18517	1.32651	0.69228
2020-11-19	1.18732	1.32581	0.6918
2020-11-20	1.18592	1.32897	0.69315
2020-11-23	1.18381	1.33213	0.69218
2020-11-24	1.18896	1.33602	0.69743
2020-11-25	1.19114	1.33839	0.70058
2020-11-26	1.1912099999999999	1.33517	0.70005
2020-11-27	1.19604	1.3308200000000001	0.70168
2020-11-30	1.19229	1.3318699999999999	0.70115
2020-12-01	1.20674	1.34157	0.70654
2020-12-02	1.21134	1.33621	0.70649
2020-12-03	1.21439	1.34461	0.70757
2020-12-04	1.212	1.3434300000000001	0.70392
2020-12-07	1.21071	1.33764	0.70406
2020-12-08	1.21028	1.33513	0.70425
2020-12-09	1.20802	1.33984	0.70233
2020-12-10	1.21408	1.32851	0.70947
2020-12-11	1.21127	1.3229899999999999	0.70887
2020-12-14	1.21417	1.33237	0.70798
2020-12-15	1.21518	1.34627	0.70859
2020-12-16	1.21983	1.35076	0.71117
2020-12-17	1.22676	1.35751	0.71472
2020-12-18	1.22543	1.34977	0.71402
2020-12-21	1.22411	1.34546	0.70979
2020-12-22	1.21611	1.33575	0.70365
2020-12-23	1.2184599999999999	1.34909	0.70943
2020-12-24	1.21805	1.35473	0.70914
2020-12-28	1.22139	1.34461	0.71004
2020-12-29	1.22491	1.34992	0.71476
2020-12-30	1.22988	1.36234	0.72037
2020-12-31	1.22151	1.3659	0.71819
2021-01-04	1.22496	1.35644	0.71737
2021-01-05	1.22966	1.3624100000000001	0.72488
2021-01-06	1.23242	1.3605800000000001	0.72901
2021-01-07	1.22682	1.35593	0.72526
2021-01-08	1.2221899999999999	1.3560699999999999	0.72376
2021-01-11	1.21492	1.35111	0.71588
2021-01-12	1.2207	1.36626	0.7224
2021-01-13	1.2157	1.3631199999999999	0.71749
2021-01-14	1.21536	1.36841	0.72203
2021-01-15	1.20767	1.35821	0.71297
2021-01-18	1.20769	1.35842	0.71027
2021-01-19	1.21281	1.36297	0.71158
2021-01-20	1.2105	1.36508	0.71689
2021-01-21	1.21655	1.373	0.72141
2021-01-22	1.21705	1.36823	0.71805
2021-01-25	1.21416	1.3676	0.7197
2021-01-26	1.21596	1.3736	0.7239
2021-01-27	1.21118	1.36894	0.71586
2021-01-28	1.21221	1.37248	0.71737
2021-01-29	1.21352	1.3698299999999999	0.71811
2021-02-01	1.20602	1.3663	0.71571
2021-02-02	1.20427	1.3667500000000001	0.71913
2021-02-03	1.2035	1.3642400000000001	0.72085
2021-02-04	1.19611	1.36706	0.71567
2021-02-05	1.20492	1.37362	0.7202
2021-02-08	1.20498	1.37424	0.72194
2021-02-09	1.21198	1.38138	0.724
2021-02-10	1.21181	1.38348	0.72136
2021-02-11	1.21314	1.38163	0.72275
2021-02-12	1.2119	1.38532	0.72198
2021-02-15	1.21269	1.3900299999999999	0.72248
2021-02-16	1.21033	1.39016	0.72078
2021-02-17	1.20416	1.38643	0.7189
2021-02-18	1.20932	1.39736	0.72211
2021-02-19	1.2117499999999999	1.40042	0.72962
2021-02-22	1.2158	1.40622	0.7328
2021-02-23	1.21493	1.41161	0.73435
2021-02-24	1.21681	1.414	0.74407
2021-02-25	1.21769	1.40099	0.73692
2021-02-26	1.20726	1.3927	0.7232
2021-03-01	1.20484	1.39256	0.72649
2021-03-02	1.20902	1.39568	0.72918
2021-03-03	1.20622	1.39475	0.7246
2021-03-04	1.19715	1.38919	0.71875
2021-03-05	1.19119	1.38293	0.71629
2021-03-08	1.18462	1.38209	0.71212
2021-03-09	1.19004	1.38879	0.71751
2021-03-10	1.19286	1.39354	0.71956
2021-03-11	1.19852	1.39926	0.72283
2021-03-12	1.19518	1.3919000000000001	0.71775
2021-03-15	1.19298	1.39028	0.72022
2021-03-16	1.19024	1.38933	0.71893
2021-03-17	1.19798	1.39625	0.72385
2021-03-18	1.19158	1.3928099999999999	0.71665
2021-03-19	1.19043	1.38632	0.71659
2021-03-22	1.19326	1.38628	0.71613
2021-03-23	1.18502	1.37535	0.69973
2021-03-24	1.18114	1.36819	0.69609
2021-03-25	1.17639	1.3732199999999999	0.69488
2021-03-26	1.17932	1.37917	0.69993
2021-03-29	1.1764999999999999	1.37613	0.69973
2021-03-30	1.17157	1.37391	0.69832
2021-03-31	1.17299	1.3783400000000001	0.69816
2021-04-01	1.17774	1.38328	0.70207
2021-04-02	1.17603	1.38297	0.70238
2021-04-05	1.18119	1.39046	0.70614
2021-04-06	1.18764	1.38229	0.70586
2021-04-07	1.18716	1.37377	0.70098
2021-04-08	1.19159	1.3732199999999999	0.70595
2021-04-09	1.19009	1.37024	0.70343
2021-04-12	1.19114	1.37436	0.70292
2021-04-13	1.19481	1.37504	0.70542
2021-04-14	1.19793	1.37753	0.71396
2021-04-15	1.19655	1.37789	0.71695
2021-04-16	1.19811	1.38407	0.7144
2021-04-19	1.20363	1.39852	0.71753
2021-04-20	1.20361	1.39372	0.71693
2021-04-21	1.20357	1.3928	0.72091
2021-04-22	1.2016	1.38392	0.71639
2021-04-23	1.20975	1.3884400000000001	0.71962
2021-04-26	1.20853	1.39009	0.72344
2021-04-27	1.20912	1.39078	0.72084
2021-04-28	1.21254	1.39414	0.72634
2021-04-29	1.21196	1.39398	0.72418
2021-04-30	1.20206	1.38125	0.71582
2021-05-03	1.20627	1.39067	0.71994
2021-05-04	1.20137	1.38853	0.7147
2021-05-05	1.20054	1.3905	0.72149
2021-05-06	1.20637	1.38919	0.7234
2021-05-07	1.21618	1.39867	0.72818
2021-05-10	1.21281	1.4116	0.72608
2021-05-11	1.21482	1.4139300000000001	0.72691
2021-05-12	1.20702	1.40546	0.71571
2021-05-13	1.20782	1.40485	0.71821
2021-05-14	1.2144	1.40967	0.72528
2021-05-17	1.21513	1.41383	0.72095
2021-05-18	1.22231	1.41872	0.72381
2021-05-19	1.21756	1.41105	0.71706
2021-05-20	1.22279	1.41883	0.72034
2021-05-21	1.21804	1.41504	0.71621
2021-05-24	1.22162	1.41532	0.72173
2021-05-25	1.2252	1.41455	0.72256
2021-05-26	1.21922	1.4114900000000001	0.72782
2021-05-27	1.21942	1.42004	0.72936
2021-05-28	1.21894	1.41876	0.72479
2021-05-31	1.22243	1.4205	0.72636
2021-06-01	1.22136	1.41469	0.72534
2021-06-02	1.2209699999999999	1.41685	0.72351
2021-06-03	1.21269	1.41007	0.7145
2021-06-04	1.21661	1.41646	0.72103
2021-06-07	1.21892	1.41757	0.72269
2021-06-08	1.21728	1.41528	0.71935
2021-06-09	1.21788	1.41131	0.71776
2021-06-10	1.21761	1.4175900000000001	0.71932
2021-06-11	1.21061	1.41128	0.71271
2021-06-14	1.21192	1.41069	0.71395
2021-06-15	1.21252	1.40829	0.71181
2021-06-16	1.19953	1.39833	0.70491
2021-06-17	1.19057	1.39206	0.70058
2021-06-18	1.18595	1.37968	0.693
2021-06-21	1.19181	1.39334	0.69877
2021-06-22	1.19409	1.3946	0.70164
2021-06-23	1.19263	1.39609	0.7047
2021-06-24	1.19313	1.39212	0.70573
2021-06-25	1.19368	1.38816	0.70687
2021-06-28	1.19239	1.38788	0.70407
2021-06-29	1.18961	1.38415	0.69925
2021-06-30	1.18575	1.38327	0.69872
2021-07-01	1.18498	1.3761700000000001	0.69683
2021-07-02	1.18644	1.38319	0.70306
2021-07-05	1.18611	1.38411	0.70234
2021-07-06	1.18231	1.37987	0.70098
2021-07-07	1.17905	1.37989	0.70158
2021-07-08	1.18463	1.37892	0.69467
2021-07-09	1.18772	1.38997	0.69988
2021-07-12	1.18598	1.3881299999999999	0.69842
2021-07-13	1.17767	1.38131	0.69448
2021-07-14	1.18361	1.38609	0.70379
2021-07-15	1.18106	1.38247	0.69819
2021-07-16	1.18055	1.37645	0.7001
2021-07-19	1.17985	1.36743	0.69426
2021-07-20	1.17803	1.36282	0.69162
2021-07-21	1.17942	1.37117	0.69699
2021-07-22	1.17705	1.3767	0.69739
2021-07-23	1.17689	1.37459	0.69774
2021-07-26	1.18021	1.38183	0.69981
2021-07-27	1.18158	1.3875600000000001	0.6958
2021-07-28	1.1842	1.3899599999999999	0.69565
2021-07-29	1.18862	1.39611	0.70116
2021-07-30	1.18729	1.3906800000000001	0.69761
2021-08-02	1.18712	1.38855	0.6971
2021-08-03	1.18649	1.39134	0.70177
2021-08-04	1.1837	1.38886	0.70423
2021-08-05	1.18313	1.39265	0.70539
2021-08-06	1.1761	1.38744	0.70114
2021-08-09	1.17359	1.3844699999999999	0.69909
2021-08-10	1.17202	1.38378	0.70058
2021-08-11	1.17383	1.38636	0.70399
2021-08-12	1.17296	1.38067	0.70012
2021-08-13	1.17958	1.38693	0.70382
2021-08-16	1.17755	1.38403	0.70184
2021-08-17	1.1708	1.37386	0.69206
2021-08-18	1.17088	1.3752499999999999	0.68784
2021-08-19	1.1676199999999999	1.36322	0.68238
2021-08-20	1.16995	1.36226	0.68369
2021-08-23	1.17458	1.37231	0.68914
2021-08-24	1.17569	1.37291	0.69536
2021-08-25	1.17722	1.37636	0.69723
2021-08-26	1.17517	1.36966	0.69448
2021-08-27	1.17957	1.37568	0.70116
2021-08-30	1.17967	1.37562	0.69984
2021-08-31	1.18087	1.37545	0.70463
2021-09-01	1.18395	1.37687	0.70697
2021-09-02	1.18752	1.3832499999999999	0.71132
2021-09-03	1.18774	1.38578	0.71507
2021-09-06	1.18698	1.38304	0.71357
2021-09-07	1.18421	1.37829	0.71002
2021-09-08	1.18158	1.37702	0.70988
2021-09-09	1.18235	1.38382	0.71081
2021-09-10	1.18109	1.3830200000000001	0.71112
2021-09-13	1.18107	1.38416	0.71179
2021-09-14	1.18042	1.38076	0.7096
2021-09-15	1.18153	1.38362	0.71089
2021-09-16	1.1768399999999999	1.37886	0.70744
2021-09-17	1.17252	1.37274	0.70346
2021-09-20	1.17264	1.3652	0.70298
2021-09-21	1.17256	1.36592	0.7006
2021-09-22	1.16885	1.36115	0.69988
2021-09-23	1.17389	1.37192	0.70645
2021-09-24	1.17208	1.3670900000000001	0.7013
2021-09-27	1.16943	1.36969	0.70124
2021-09-28	1.16834	1.3532600000000001	0.69586
2021-09-29	1.15971	1.34245	0.68642
2021-09-30	1.15765	1.34741	0.68969
2021-10-01	1.15928	1.35427	0.69382
2021-10-04	1.16198	1.36074	0.69636
2021-10-05	1.15965	1.36252	0.69599
2021-10-06	1.15566	1.35819	0.69116
2021-10-07	1.15533	1.3611900000000001	0.69284
2021-10-08	1.15741	1.36179	0.69283
2021-10-11	1.15534	1.35938	0.6935
2021-10-12	1.15298	1.35825	0.69299
2021-10-13	1.15957	1.36599	0.69657
2021-10-14	1.15973	1.36719	0.70369
2021-10-15	1.15982	1.37442	0.70746
2021-10-18	1.16105	1.3725	0.70857
2021-10-19	1.16322	1.37927	0.71514
2021-10-20	1.16506	1.38236	0.71993
2021-10-21	1.16244	1.3792499999999999	0.71568
2021-10-22	1.16439	1.3759700000000001	0.71487
2021-10-25	1.16101	1.37653	0.71624
2021-10-26	1.15956	1.37645	0.71609
2021-10-27	1.16023	1.3740700000000001	0.71657
2021-10-28	1.16822	1.3790499999999999	0.71986
2021-10-29	1.15622	1.36929	0.71652
2021-11-01	1.16062	1.3657599999999999	0.71856
2021-11-02	1.15794	1.36103	0.71107
2021-11-03	1.16111	1.36756	0.71562
2021-11-04	1.15537	1.35	0.71005
2021-11-05	1.15663	1.34947	0.71195
2021-11-08	1.15868	1.3562400000000001	0.71661
2021-11-09	1.15943	1.35564	0.71285
2021-11-10	1.14763	1.34042	0.70572
2021-11-11	1.14489	1.33677	0.70197
2021-11-12	1.14432	1.34125	0.70402
2021-11-15	1.13664	1.34107	0.7043
2021-11-16	1.1319	1.34277	0.69912
2021-11-17	1.13186	1.34883	0.69971
2021-11-18	1.13724	1.34916	0.70467
2021-11-19	1.12831	1.34451	0.69956
2021-11-22	1.12341	1.33937	0.69561
2021-11-23	1.12484	1.33745	0.6949
2021-11-24	1.11994	1.33231	0.68711
2021-11-25	1.12087	1.3321399999999999	0.68555
2021-11-26	1.13128	1.33239	0.68108
2021-11-29	1.12919	1.33138	0.68239
2021-11-30	1.13394	1.33004	0.68229
2021-12-01	1.13191	1.32688	0.68077
2021-12-02	1.13008	1.33005	0.68186
2021-12-03	1.1308799999999999	1.32306	0.67457
2021-12-06	1.12849	1.32619	0.67513
2021-12-07	1.12682	1.3243	0.67879
2021-12-08	1.13416	1.32026	0.68084
2021-12-09	1.12924	1.32196	0.67953
2021-12-10	1.13164	1.32629	0.67968
2021-12-13	1.12854	1.32131	0.6753
2021-12-14	1.12577	1.32288	0.6741
2021-12-15	1.12937	1.32581	0.67875
2021-12-16	1.13302	1.33198	0.67988
2021-12-17	1.12376	1.32359	0.67354
2021-12-20	1.12762	1.32057	0.6713
2021-12-21	1.12854	1.32549	0.67667
2021-12-22	1.13265	1.3348900000000001	0.68105
2021-12-23	1.13266	1.3409900000000001	0.68252
2021-12-24	1.131	1.33871	0.68028
2021-12-27	1.13267	1.34412	0.68149
2021-12-28	1.13079	1.34274	0.68035
2021-12-29	1.13469	1.34874	0.68267
2021-12-30	1.13247	1.34936	0.68277
2021-12-31	1.13774	1.35246	0.68466
2022-01-03	1.12974	1.3477700000000001	0.67847
2022-01-04	1.1287099999999999	1.35279	0.68081
2022-01-05	1.13124	1.35544	0.67962
2022-01-06	1.12978	1.35303	0.67461
2022-01-07	1.13594	1.3590900000000001	0.6775
2022-01-10	1.13276	1.3575300000000001	0.67619
2022-01-11	1.13682	1.36343	0.67855
2022-01-12	1.14409	1.36999	0.68464
2022-01-13	1.1454	1.37046	0.68618
2022-01-14	1.14154	1.3679299999999999	0.68114
2022-01-17	1.14055	1.36445	0.67947
2022-01-18	1.1327	1.35941	0.67698
2022-01-19	1.13422	1.36117	0.67827
2022-01-20	1.13098	1.35981	0.67558
2022-01-21	1.13423	1.35523	0.67121
2022-01-24	1.13241	1.34856	0.66983
2022-01-25	1.13012	1.34985	0.66851
2022-01-26	1.12417	1.34645	0.66518
2022-01-27	1.11443	1.33818	0.65813
2022-01-28	1.11472	1.33951	0.65459
2022-01-31	1.12326	1.34444	0.65747
2022-02-01	1.12737	1.35215	0.6638
2022-02-02	1.13042	1.35731	0.66298
2022-02-03	1.14385	1.3596	0.66624
2022-02-04	1.14516	1.35283	0.66144
2022-02-07	1.14412	1.35351	0.66335
2022-02-08	1.14166	1.35402	0.66483
2022-02-09	1.14222	1.35337	0.66798
2022-02-10	1.1427100000000001	1.35545	0.66713
2022-02-11	1.13476	1.35606	0.66458
2022-02-14	1.13058	1.353	0.66162
2022-02-15	1.1357	1.354	0.66369
2022-02-16	1.1372200000000001	1.35832	0.66776
2022-02-17	1.13618	1.36131	0.66913
2022-02-18	1.13229	1.35927	0.6694
2022-02-21	1.1308	1.35994	0.66983
2022-02-22	1.13248	1.35815	0.67308
2022-02-23	1.13047	1.35435	0.67714
2022-02-24	1.11923	1.33759	0.66934
2022-02-25	1.12719	1.34096	0.67439
2022-02-28	1.12183	1.34134	0.6775
2022-03-01	1.11233	1.3321100000000001	0.67563
2022-03-02	1.11195	1.34061	0.67871
2022-03-03	1.10652	1.33474	0.67985
2022-03-04	1.09304	1.32333	0.68607
2022-03-07	1.08531	1.3103500000000001	0.68234
2022-03-08	1.08971	1.3097699999999999	0.68051
2022-03-09	1.10752	1.31754	0.68409
2022-03-10	1.09882	1.30837	0.68613
2022-03-11	1.0914	1.30366	0.68046
2022-03-14	1.09391	1.30008	0.67451
2022-03-15	1.09532	1.30411	0.67706
2022-03-16	1.10346	1.3148	0.68366
2022-03-17	1.10916	1.31487	0.68796
2022-03-18	1.10495	1.31761	0.69051
2022-03-21	1.10162	1.31663	0.68856
2022-03-22	1.10241	1.32613	0.69628
2022-03-23	1.1005	1.3204500000000001	0.69737
2022-03-24	1.09962	1.31864	0.69648
2022-03-25	1.09852	1.31829	0.69565
2022-03-28	1.0985800000000001	1.30933	0.68954
2022-03-29	1.10854	1.30925	0.69347
2022-03-30	1.11577	1.3131	0.69752
2022-03-31	1.10657	1.31366	0.69326
2022-04-01	1.10446	1.31106	0.69174
2022-04-04	1.09709	1.31142	0.69489
2022-04-05	1.09054	1.30729	0.69436
2022-04-06	1.08958	1.30667	0.69159
2022-04-07	1.08802	1.30742	0.68893
2022-04-08	1.08748	1.3033000000000001	0.6847
2022-04-11	1.0883099999999999	1.30281	0.68251
2022-04-12	1.08255	1.3	0.68505
2022-04-13	1.08917	1.31166	0.67966
2022-04-14	1.08292	1.30698	0.67857
2022-04-15	1.08067	1.30576	0.67613
2022-04-18	1.07808	1.30108	0.67298
2022-04-19	1.07882	1.29981	0.67321
2022-04-20	1.08541	1.30675	0.68086
2022-04-21	1.08316	1.3026900000000001	0.6731
2022-04-22	1.0801	1.2837	0.66345
2022-04-25	1.07111	1.27398	0.66204
2022-04-26	1.06364	1.25759	0.65621
2022-04-27	1.05581	1.25439	0.65417
2022-04-28	1.04984	1.24566	0.64874
2022-04-29	1.05461	1.25772	0.64561
2022-05-02	1.0507	1.24917	0.64342
2022-05-03	1.05189	1.2496800000000001	0.64348
2022-05-04	1.06195	1.2634400000000001	0.65424
2022-05-05	1.05387	1.23563	0.64237
2022-05-06	1.05437	1.23358	0.64041
2022-05-09	1.05575	1.23306	0.63199
2022-05-10	1.05298	1.23148	0.62903
2022-05-11	1.05133	1.22471	0.62918
2022-05-12	1.03764	1.21988	0.62297
2022-05-13	1.04079	1.22592	0.6289
2022-05-16	1.04339	1.23217	0.63099
2022-05-17	1.05497	1.24905	0.63592
2022-05-18	1.04604	1.23409	0.62949
2022-05-19	1.05834	1.24668	0.63822
2022-05-20	1.05585	1.24917	0.64092
2022-05-23	1.06919	1.25865	0.64668
2022-05-24	1.07351	1.25281	0.64588
2022-05-25	1.06779	1.25691	0.6477
2022-05-26	1.07292	1.26063	0.64801
2022-05-27	1.0731	1.26299	0.65344
2022-05-30	1.07791	1.26506	0.6557
2022-05-31	1.07317	1.26003	0.65157
2022-06-01	1.06521	1.24821	0.64834
2022-06-02	1.07455	1.25762	0.65586
2022-06-03	1.07165	1.24861	0.65051
2022-06-06	1.06954	1.25302	0.64894
2022-06-07	1.07039	1.25894	0.64889
2022-06-08	1.07139	1.25358	0.64452
2022-06-09	1.06169	1.249	0.63822
2022-06-10	1.05207	1.23108	0.63528
2022-06-13	1.04079	1.21316	0.62592
2022-06-14	1.04167	1.1994799999999999	0.62141
2022-06-15	1.04465	1.21728	0.62831
2022-06-16	1.0549	1.23504	0.63594
2022-06-17	1.04963	1.22187	0.63132
2022-06-20	1.05106	1.22474	0.63311
2022-06-21	1.05344	1.22748	0.63328
2022-06-22	1.05684	1.22601	0.62877
2022-06-23	1.05208	1.22532	0.62771
2022-06-24	1.05536	1.22708	0.63125
2022-06-27	1.05813	1.2263	0.63002
2022-06-28	1.05204	1.21844	0.62371
2022-06-29	1.04411	1.21185	0.62201
2022-06-30	1.04831	1.21754	0.6243
2022-07-01	1.04266	1.20925	0.62029
2022-07-04	1.04224	1.21005	0.62095
2022-07-05	1.02639	1.19533	0.61679
2022-07-06	1.01818	1.19178	0.61467
2022-07-07	1.01607	1.20197	0.61762
2022-07-08	1.01833	1.20323	0.6188
2022-07-11	1.00402	1.18891	0.61111
2022-07-12	1.00357	1.18834	0.61275
2022-07-13	1.00573	1.18879	0.61295
2022-07-14	1.00202	1.18185	0.61241
2022-07-15	1.00855	1.18636	0.61556
2022-07-18	1.01436	1.195	0.61526
2022-07-19	1.02253	1.1995	0.62231
2022-07-20	1.01819	1.19666	0.62291
2022-07-21	1.02272	1.19987	0.6252
2022-07-22	1.0211	1.20049	0.62529
2022-07-25	1.02187	1.20371	0.62628
2022-07-26	1.01173	1.20239	0.62293
2022-07-27	1.01999	1.21519	0.62639
2022-07-28	1.01935	1.2175799999999999	0.62898
2022-07-29	1.02262	1.21828	0.62907
2022-08-01	1.02602	1.22456	0.63325
2022-08-02	1.01658	1.21625	0.62534
2022-08-03	1.01681	1.2141899999999999	0.62728
2022-08-04	1.02465	1.21572	0.63005
2022-08-05	1.01778	1.2073	0.62421
2022-08-08	1.01947	1.20776	0.62851
2022-08-09	1.02099	1.20726	0.62853
2022-08-10	1.02947	1.22081	0.64022
2022-08-11	1.03218	1.21983	0.64302
2022-08-12	1.02558	1.21357	0.64539
2022-08-15	1.01588	1.20532	0.63638
2022-08-16	1.01704	1.20955	0.63446
2022-08-17	1.01773	1.20476	0.62809
2022-08-18	1.00865	1.19288	0.6258
2022-08-19	1.00392	1.18255	0.61742
2022-08-22	0.99417	1.17659	0.61691
2022-08-23	0.99672	1.18314	0.62125
2022-08-24	0.99677	1.17951	0.61884
2022-08-25	0.99741	1.18303	0.62246
2022-08-26	0.99649	1.17384	0.6135
2022-08-29	0.99977	1.17069	0.61548
2022-08-30	1.00153	1.16535	0.61287
2022-08-31	1.00521	1.16199	0.61197
2022-09-01	0.9946	1.1543	0.60793
2022-09-02	0.99573	1.15126	0.61122
2022-09-05	0.99312	1.15113	0.60935
2022-09-06	0.99065	1.15204	0.60392
2022-09-07	1.00062	1.15333	0.60741
2022-09-08	0.99982	1.15024	0.60538
2022-09-09	1.00458	1.1587	0.61039
2022-09-12	1.01212	1.16804	0.61366
2022-09-13	0.99665	1.14919	0.59984
2022-09-14	0.9979	1.154	0.60033
2022-09-15	0.99966	1.14677	0.59658
2022-09-16	1.0013	1.14226	0.59898
2022-09-19	1.00244	1.14326	0.5958
2022-09-20	0.99694	1.13799	0.58946
2022-09-21	0.98366	1.12681	0.58523
2022-09-22	0.98339	1.12519	0.58445
2022-09-23	0.96883	1.08456	0.57436
2022-09-26	0.96081	1.0684	0.56326
2022-09-27	0.95931	1.07323	0.56333
2022-09-28	0.9737	1.08864	0.57292
2022-09-29	0.98129	1.11134	0.57251
2022-09-30	0.97995	1.1154	0.55939
2022-10-03	0.98248	1.13216	0.57183
2022-10-04	0.99861	1.14722	0.57292
2022-10-05	0.98857	1.13253	0.57364
2022-10-06	0.9791	1.1159	0.5656
2022-10-07	0.97381	1.10867	0.56031
2022-10-10	0.97032	1.1054599999999999	0.55651
2022-10-11	0.97051	1.09674	0.55821
2022-10-12	0.9703	1.10982	0.56096
2022-10-13	0.97772	1.13246	0.56393
2022-10-14	0.97239	1.1178	0.55583
2022-10-17	0.9844	1.13578	0.56345
2022-10-18	0.98599	1.1322	0.56839
2022-10-19	0.9772	1.12148	0.56707
2022-10-20	0.9787	1.12326	0.56779
2022-10-21	0.98628	1.1293199999999999	0.57566
2022-10-24	0.9873	1.12774	0.56927
2022-10-25	0.99677	1.14692	0.57547
2022-10-26	1.00831	1.16282	0.58363
2022-10-27	0.99647	1.15621	0.58267
2022-10-28	0.9966	1.16146	0.5813
2022-10-31	0.98824	1.14627	0.58113
2022-11-01	0.98737	1.14778	0.58411
2022-11-02	0.9815	1.13882	0.58184
2022-11-03	0.97495	1.11548	0.57723
2022-11-04	0.99592	1.13733	0.5929
2022-11-07	1.00208	1.15104	0.59383
2022-11-08	1.00727	1.15424	0.59581
2022-11-09	1.00117	1.13551	0.58833
2022-11-10	1.02075	1.17158	0.60234
2022-11-11	1.03532	1.18329	0.61171
2022-11-14	1.03254	1.17587	0.60943
2022-11-15	1.03465	1.18655	0.61555
2022-11-16	1.03938	1.19142	0.6149
2022-11-17	1.03648	1.18628	0.61256
2022-11-18	1.03199	1.18842	0.61495
2022-11-21	1.02406	1.18205	0.60996
2022-11-22	1.03027	1.1884299999999999	0.61528
2022-11-23	1.03945	1.20532	0.62424
2022-11-24	1.04112	1.21103	0.6264
2022-11-25	1.03864	1.2085	0.62421
2022-11-28	1.03395	1.19569	0.6165
2022-11-29	1.03288	1.19509	0.62017
2022-11-30	1.04083	1.20569	0.62951
2022-12-01	1.05254	1.22541	0.63705
2022-12-02	1.05409	1.22908	0.64083
2022-12-05	1.0493	1.2189	0.63156
2022-12-06	1.04671	1.21322	0.63164
2022-12-07	1.05052	1.22049	0.63532
2022-12-08	1.05549	1.22338	0.63773
2022-12-09	1.05335	1.22604	0.64159
2022-12-12	1.05383	1.22676	0.63819
2022-12-13	1.06322	1.23654	0.64634
2022-12-14	1.06814	1.24224	0.6455
2022-12-15	1.06263	1.21774	0.63403
2022-12-16	1.05891	1.21527	0.63775
2022-12-19	1.0607	1.21459	0.63633
2022-12-20	1.06235	1.21833	0.63464
2022-12-21	1.06045	1.20818	0.62944
2022-12-22	1.05983	1.20357	0.62477
2022-12-23	1.06165	1.20503	0.62843
2022-12-26	1.06359	1.20619	0.62851
2022-12-27	1.06388	1.2031	0.6274
2022-12-28	1.06121	1.20186	0.63089
2022-12-29	1.06618	1.20538	0.63455
2022-12-30	1.06976	1.20916	0.63494
2023-01-02	1.06588	1.20454	0.63158
2023-01-03	1.05485	1.19663	0.62492
2023-01-04	1.06038	1.20545	0.62942
2023-01-05	1.05217	1.19108	0.62256
2023-01-06	1.06426	1.20944	0.63458
2023-01-09	1.07328	1.21837	0.63697
2023-01-10	1.07342	1.21492	0.63675
2023-01-11	1.07563	1.21472	0.63659
2023-01-12	1.08509	1.22077	0.63932
2023-01-13	1.0832600000000001	1.22347	0.63835
2023-01-16	1.08221	1.21909	0.63798
2023-01-17	1.07883	1.22882	0.64283
2023-01-18	1.07942	1.23454	0.64432
2023-01-19	1.08308	1.23908	0.63928
2023-01-20	1.08557	1.23996	0.64708
2023-01-23	1.08713	1.23783	0.64894
2023-01-24	1.08881	1.23386	0.65041
2023-01-25	1.09151	1.24014	0.64789
2023-01-26	1.08912	1.24103	0.64903
2023-01-27	1.08672	1.23977	0.64923
2023-01-30	1.08515	1.23503	0.64676
2023-01-31	1.08617	1.23171	0.64391
2023-02-01	1.09901	1.23728	0.65047
2023-02-02	1.09102	1.2224599999999999	0.64754
2023-02-03	1.07931	1.20508	0.63263
2023-02-06	1.07254	1.20183	0.63045
2023-02-07	1.07279	1.20478	0.63264
2023-02-08	1.07141	1.2071	0.63059
2023-02-09	1.0738	1.21192	0.63261
2023-02-10	1.06781	1.20581	0.63099
2023-02-13	1.07246	1.21391	0.63586
2023-02-14	1.07355	1.21741	0.63355
2023-02-15	1.06868	1.20332	0.62806
2023-02-16	1.06729	1.19876	0.62568
2023-02-17	1.06934	1.20405	0.62419
2023-02-20	1.0684	1.2039	0.62504
2023-02-21	1.06458	1.21118	0.62125
2023-02-22	1.06045	1.20453	0.62181
2023-02-23	1.05938	1.20144	0.62275
2023-02-24	1.05445	1.1938900000000001	0.61647
2023-02-27	1.06088	1.2063	0.61662
2023-02-28	1.05753	1.20198	0.6184
2023-03-01	1.06686	1.20268	0.62567
2023-03-02	1.05968	1.19466	0.62179
2023-03-03	1.06327	1.20438	0.62211
2023-03-06	1.06823	1.20264	0.61954
2023-03-07	1.05488	1.1826	0.61067
2023-03-08	1.05438	1.1843	0.61055
2023-03-09	1.05817	1.19237	0.60993
2023-03-10	1.0638	1.2031399999999999	0.6133
2023-03-13	1.0731	1.2183	0.62198
2023-03-14	1.07331	1.21561	0.62363
2023-03-15	1.05752	1.20559	0.61873
2023-03-16	1.06137	1.21088	0.61963
2023-03-17	1.06651	1.2175799999999999	0.62654
2023-03-20	1.07234	1.22776	0.62452
2023-03-21	1.07695	1.22169	0.61936
2023-03-22	1.08545	1.22669	0.62199
2023-03-23	1.08321	1.2286299999999999	0.62486
2023-03-24	1.07599	1.22294	0.62017
2023-03-27	1.07982	1.22876	0.61957
2023-03-28	1.08457	1.23398	0.62522
2023-03-29	1.08443	1.23141	0.6225
2023-03-30	1.09053	1.23865	0.62628
2023-03-31	1.08428	1.23301	0.62543
2023-04-03	1.09022	1.2416800000000001	0.62959
2023-04-04	1.0955300000000001	1.25006	0.631
2023-04-05	1.09072	1.24619	0.63177
2023-04-06	1.09205	1.24382	0.62435
2023-04-07	1.08967	1.24161	0.62443
2023-04-10	1.08603	1.2382	0.62191
2023-04-11	1.09129	1.24243	0.61922
2023-04-12	1.09911	1.24832	0.62142
2023-04-13	1.10465	1.2522	0.6296
2023-04-14	1.09946	1.24143	0.62089
2023-04-17	1.09272	1.23767	0.61807
2023-04-18	1.09733	1.2423899999999999	0.62077
2023-04-19	1.0956	1.2439	0.61991
2023-04-20	1.09703	1.2443	0.61766
2023-04-21	1.09893	1.24438	0.61383
2023-04-24	1.10462	1.24856	0.61667
2023-04-25	1.0973600000000001	1.24097	0.61368
2023-04-26	1.10386	1.24681	0.61159
2023-04-27	1.10286	1.24975	0.6148
2023-04-28	1.10162	1.25675	0.61814
2023-05-01	1.09763	1.24949	0.61662
2023-05-02	1.09991	1.24668	0.62072
2023-05-03	1.10619	1.25641	0.62307
2023-05-04	1.10117	1.2572	0.628
2023-05-05	1.10181	1.26308	0.62938
2023-05-08	1.10039	1.26181	0.63443
2023-05-09	1.09613	1.26202	0.63351
2023-05-10	1.09822	1.2625	0.63655
2023-05-11	1.09151	1.25111	0.6298
2023-05-12	1.08497	1.24481	0.6191
2023-05-15	1.08744	1.25282	0.62393
2023-05-16	1.08624	1.24846	0.62306
2023-05-17	1.0838700000000001	1.24867	0.62482
2023-05-18	1.07699	1.24081	0.62257
2023-05-19	1.08047	1.24459	0.62734
2023-05-22	1.08122	1.24364	0.62867
2023-05-23	1.07707	1.24143	0.62479
2023-05-24	1.07492	1.23645	0.61116
2023-05-25	1.07247	1.23208	0.60624
2023-05-26	1.07257	1.23496	0.60463
2023-05-29	1.0709	1.23529	0.6054
2023-05-30	1.07326	1.24112	0.6042
2023-05-31	1.06878	1.2441200000000001	0.60202
2023-06-01	1.07622	1.25251	0.60713
2023-06-02	1.07059	1.24497	0.60573
2023-06-05	1.07121	1.24341	0.60699
2023-06-06	1.06922	1.24234	0.6078
2023-06-07	1.06987	1.24372	0.6037
2023-06-08	1.07829	1.25598	0.60941
2023-06-09	1.07494	1.2580200000000001	0.61286
2023-06-12	1.07575	1.25114	0.61214
2023-06-13	1.07928	1.26118	0.61494
2023-06-14	1.08308	1.26619	0.62057
2023-06-15	1.0945	1.27839	0.62349
2023-06-16	1.09404	1.28203	0.62343
2023-06-19	1.0921	1.27924	0.61999
2023-06-20	1.09179	1.27641	0.61672
2023-06-21	1.09864	1.27671	0.62023
2023-06-22	1.09558	1.27474	0.61779
2023-06-23	1.08939	1.27155	0.61421
2023-06-26	1.09048	1.2711000000000001	0.61626
2023-06-27	1.09604	1.27482	0.6161
2023-06-28	1.09127	1.2635	0.60733
2023-06-29	1.08638	1.26115	0.60701
2023-06-30	1.09103	1.26932	0.61349
2023-07-03	1.0913	1.26898	0.61515
2023-07-04	1.08783	1.27121	0.61896
2023-07-05	1.08532	1.27029	0.61784
2023-07-06	1.0892	1.27382	0.61558
2023-07-07	1.0965799999999999	1.28378	0.62089
2023-07-10	1.1001	1.28606	0.62091
2023-07-11	1.10081	1.29309	0.61978
2023-07-12	1.11314	1.29877	0.62961
2023-07-13	1.1226	1.3134700000000001	0.6392
2023-07-14	1.12284	1.30911	0.63698
2023-07-17	1.12375	1.30727	0.63236
2023-07-18	1.12274	1.3034	0.6271
2023-07-19	1.12019	1.2938100000000001	0.62629
2023-07-20	1.11285	1.28658	0.62331
2023-07-21	1.11254	1.28532	0.61664
2023-07-24	1.10642	1.28229	0.62031
2023-07-25	1.10545	1.29014	0.62201
2023-07-26	1.10852	1.29412	0.62089
2023-07-27	1.09762	1.2794699999999999	0.61817
2023-07-28	1.10163	1.28458	0.6155
2023-07-31	1.09965	1.2833700000000001	0.62077
2023-08-01	1.09832	1.27753	0.61474
2023-08-02	1.0937999999999999	1.27095	0.608
2023-08-03	1.09482	1.27075	0.60768
2023-08-04	1.10108	1.27491	0.60966
2023-08-07	1.10027	1.27834	0.61047
2023-08-08	1.09557	1.27473	0.60655
2023-08-09	1.09733	1.27167	0.60506
2023-08-10	1.09803	1.2674400000000001	0.60203
2023-08-11	1.09473	1.2696	0.59843
2023-08-14	1.09061	1.26855	0.59747
2023-08-15	1.09042	1.27032	0.59501
2023-08-16	1.0879	1.27305	0.59367
2023-08-17	1.08719	1.27463	0.59247
2023-08-18	1.0872	1.27331	0.59226
2023-08-21	1.08954	1.27562	0.59263
2023-08-22	1.08452	1.27314	0.59453
2023-08-23	1.0863	1.27241	0.59775
2023-08-24	1.081	1.2599	0.59225
2023-08-25	1.07933	1.25766	0.59019
2023-08-28	1.08188	1.26018	0.59102
2023-08-29	1.08786	1.26422	0.59694
2023-08-30	1.09229	1.27206	0.59546
2023-08-31	1.08435	1.2671999999999999	0.59661
2023-09-01	1.07731	1.25871	0.59411
2023-09-04	1.07963	1.26277	0.59389
2023-09-05	1.07219	1.2564899999999999	0.5883
2023-09-06	1.07259	1.25055	0.58713
2023-09-07	1.06951	1.24704	0.58757
2023-09-08	1.07001	1.24597	0.58834
2023-09-11	1.07496	1.25075	0.59177
2023-09-12	1.0754	1.24917	0.59026
2023-09-13	1.07293	1.24898	0.5918
2023-09-14	1.06439	1.24093	0.5911
2023-09-15	1.06622	1.23841	0.58984
2023-09-18	1.06921	1.23848	0.59166
2023-09-19	1.06787	1.23914	0.59347
2023-09-20	1.06603	1.23433	0.59282
2023-09-21	1.06607	1.22938	0.59301
2023-09-22	1.06437	1.22361	0.59601
2023-09-25	1.0592	1.22102	0.59668
2023-09-26	1.05709	1.2156	0.59438
2023-09-27	1.05022	1.21338	0.59223
2023-09-28	1.05657	1.22035	0.59613
2023-09-29	1.05726	1.22017	0.59979
2023-10-02	1.04774	1.20858	0.59465
2023-10-03	1.04657	1.20758	0.59079
2023-10-04	1.05034	1.2134800000000001	0.5912
2023-10-05	1.05505	1.2192	0.59657
2023-10-06	1.05831	1.22332	0.59885
2023-10-09	1.05663	1.22366	0.6022
2023-10-10	1.06045	1.22849	0.60452
2023-10-11	1.06186	1.23123	0.60202
2023-10-12	1.05277	1.21746	0.59255
2023-10-13	1.05064	1.21365	0.58845
2023-10-16	1.05591	1.22166	0.59277
2023-10-17	1.05761	1.21824	0.58965
2023-10-18	1.05361	1.21405	0.58553
2023-10-19	1.05815	1.21425	0.58476
2023-10-20	1.05949	1.2163599999999999	0.58266
2023-10-23	1.06685	1.22465	0.58452
2023-10-24	1.05904	1.2160199999999999	0.58439
2023-10-25	1.05659	1.21109	0.58011
2023-10-26	1.05626	1.21271	0.58198
2023-10-27	1.05649	1.2119900000000001	0.58083
2023-10-30	1.06149	1.21685	0.58437
2023-10-31	1.05753	1.21473	0.58241
2023-11-01	1.05696	1.2150400000000001	0.58448
2023-11-02	1.06221	1.22034	0.58975
2023-11-03	1.07273	1.23795	0.59933
2023-11-06	1.07166	1.23427	0.59634
2023-11-07	1.06993	1.22984	0.59345
2023-11-08	1.07085	1.22842	0.59107
2023-11-09	1.0668	1.22207	0.58927
2023-11-10	1.06839	1.22232	0.58898
2023-11-13	1.06984	1.22775	0.58757
2023-11-14	1.0878700000000001	1.24979	0.60078
2023-11-15	1.08465	1.24155	0.60228
2023-11-16	1.08527	1.24134	0.59701
2023-11-17	1.09131	1.24621	0.59916
2023-11-20	1.09399	1.25046	0.60359
2023-11-21	1.091	1.25377	0.60481
2023-11-22	1.08885	1.24935	0.60206
2023-11-23	1.0903	1.25329	0.60483
2023-11-24	1.09328	1.26017	0.60826
2023-11-27	1.09536	1.26265	0.60976
2023-11-28	1.09948	1.2695699999999999	0.61369
2023-11-29	1.09687	1.26936	0.61549
2023-11-30	1.08881	1.26226	0.61536
2023-12-01	1.0881	1.27094	0.62084
2023-12-04	1.08357	1.26319	0.61634
2023-12-05	1.07976	1.2595100000000001	0.61287
2023-12-06	1.07637	1.25593	0.61365
2023-12-07	1.07929	1.2592400000000001	0.61689
2023-12-08	1.07623	1.2548	0.61197
2023-12-11	1.07639	1.25552	0.61228
2023-12-12	1.0794	1.25614	0.61321
2023-12-13	1.08745	1.26178	0.61728
2023-12-14	1.09915	1.27644	0.62055
2023-12-15	1.08952	1.2674400000000001	0.62093
2023-12-18	1.09237	1.26468	0.6211
2023-12-19	1.09803	1.27313	0.62713
2023-12-20	1.09424	1.26377	0.62459
2023-12-21	1.10101	1.26891	0.62934
2023-12-22	1.10122	1.26974	0.62958
2023-12-26	1.10422	1.27236	0.63264
2023-12-27	1.11064	1.27981	0.63392
2023-12-28	1.10618	1.27302	0.63316
2023-12-29	1.10388	1.2734	0.63188
