time	EURUSD	GBPUSD	NZDUSD
2015-01-02	1.21076	1.5584799999999999	0.78011
2015-01-05	1.19763	1.53193	0.77191
2015-01-06	1.19686	1.52739	0.78093
2015-01-07	1.18963	1.51551	0.77943
2015-01-08	1.18473	1.51174	0.7829
2015-01-09	1.18457	1.51757	0.78504
2015-01-12	1.18706	1.51942	0.78649
2015-01-13	1.18594	1.51915	0.78028
2015-01-14	1.18463	1.52691	0.778
2015-01-15	1.17925	1.5266600000000001	0.78894
2015-01-16	1.16486	1.5234299999999998	0.78561
2015-01-19	1.16389	1.5179	0.78081
2015-01-20	1.16149	1.51996	0.77817
2015-01-21	1.1679599999999999	1.51787	0.77098
2015-01-22	1.16509	1.52119	0.75833
2015-01-23	1.13742	1.50359	0.7527
2015-01-26	1.12955	1.51032	0.74689
2015-01-27	1.14225	1.5222799999999999	0.7478
2015-01-28	1.13832	1.5218699999999998	0.74939
2015-01-29	1.13677	1.5162499999999999	0.73477
2015-01-30	1.13636	1.5095800000000001	0.72951
2015-02-02	1.13622	1.50982	0.73236
2015-02-03	1.15337	1.51981	0.7437
2015-02-04	1.14848	1.5250599999999999	0.74492
2015-02-05	1.14987	1.5343200000000001	0.74268
2015-02-06	1.14857	1.53521	0.74442
2015-02-09	1.13592	1.52671	0.74393
2015-02-10	1.1345399999999999	1.5275400000000001	0.74394
2015-02-11	1.13472	1.52995	0.74462
2015-02-12	1.14229	1.5415	0.74855
2015-02-13	1.14429	1.5422	0.74714
2015-02-16	1.14289	1.5440800000000001	0.75282
2015-02-17	1.14489	1.5402	0.7555
2015-02-18	1.14158	1.5479699999999998	0.75734
2015-02-19	1.145	1.54651	0.75724
2015-02-20	1.14295	1.54341	0.75535
2015-02-23	1.13959	1.5474700000000001	0.75475
2015-02-24	1.13581	1.54742	0.75348
2015-02-25	1.13885	1.55383	0.75625
2015-02-26	1.13797	1.5552000000000001	0.76136
2015-02-27	1.12452	1.54586	0.75703
2015-03-02	1.12405	1.54283	0.75626
2015-03-03	1.12175	1.53975	0.75733
2015-03-04	1.11856	1.53718	0.76106
2015-03-05	1.11144	1.5269599999999999	0.75964
2015-03-06	1.10327	1.52554	0.75152
2015-03-09	1.09065	1.51373	0.73901
2015-03-10	1.08559	1.51312	0.73586
2015-03-11	1.07166	1.50963	0.73066
2015-03-12	1.0683799999999999	1.5026000000000002	0.7444
2015-03-13	1.06346	1.48967	0.74079
2015-03-16	1.06193	1.4853100000000001	0.74091
2015-03-17	1.06508	1.48451	0.74039
2015-03-18	1.10415	1.51648	0.75467
2015-03-19	1.09193	1.50094	0.75376
2015-03-20	1.08817	1.49887	0.75917
2015-03-23	1.09713	1.49897	0.76753
2015-03-24	1.10292	1.4984	0.76964
2015-03-25	1.1014599999999999	1.4954	0.76919
2015-03-26	1.10524	1.49943	0.76635
2015-03-27	1.09487	1.49218	0.76106
2015-03-30	1.08949	1.49007	0.75661
2015-03-31	1.08453	1.48712	0.75105
2015-04-01	1.07998	1.48713	0.74905
2015-04-02	1.09053	1.4868000000000001	0.75166
2015-04-03	1.10269	1.4944600000000001	0.76302
2015-04-06	1.10358	1.4981200000000001	0.76221
2015-04-07	1.09547	1.49203	0.75607
2015-04-08	1.08875	1.4972699999999999	0.76079
2015-04-09	1.07885	1.48861	0.7607
2015-04-10	1.06836	1.47245	0.7598
2015-04-13	1.06191	1.46813	0.75373
2015-04-14	1.0707200000000001	1.48016	0.75529
2015-04-15	1.0702099999999999	1.48533	0.76177
2015-04-16	1.08174	1.4969700000000001	0.76977
2015-04-17	1.08487	1.50532	0.77404
2015-04-20	1.08202	1.49835	0.7724
2015-04-21	1.07812	1.49728	0.77124
2015-04-22	1.08009	1.50796	0.77375
2015-04-23	1.08459	1.50698	0.76667
2015-04-24	1.09	1.5186899999999999	0.76092
2015-04-27	1.09264	1.52616	0.76652
2015-04-28	1.09908	1.5342799999999999	0.77406
2015-04-29	1.11878	1.54983	0.77442
2015-04-30	1.12661	1.5491899999999998	0.76454
2015-05-01	1.12898	1.53972	0.76272
2015-05-04	1.12244	1.51746	0.75572
2015-05-05	1.12227	1.5218500000000001	0.75771
2015-05-06	1.13702	1.52911	0.75693
2015-05-07	1.13918	1.52751	0.75279
2015-05-08	1.12888	1.5523	0.75007
2015-05-11	1.12065	1.56127	0.74608
2015-05-12	1.12788	1.57104	0.74019
2015-05-13	1.13826	1.5768900000000001	0.75065
2015-05-14	1.14445	1.58147	0.75638
2015-05-15	1.14667	1.5808200000000001	0.75022
2015-05-18	1.14494	1.5745	0.74581
2015-05-19	1.13263	1.56696	0.74441
2015-05-20	1.11523	1.55876	0.73715
2015-05-21	1.11813	1.5699800000000002	0.73478
2015-05-22	1.12081	1.56897	0.73955
2015-05-25	1.10096	1.5507300000000002	0.7316
2015-05-26	1.09813	1.5474999999999999	0.73219
2015-05-27	1.0929	1.5436800000000002	0.72684
2015-05-28	1.09587	1.53856	0.72714
2015-05-29	1.10064	1.5342099999999999	0.71946
2015-06-01	1.09892	1.53042	0.715
2015-06-02	1.11942	1.5366900000000001	0.72005
2015-06-03	1.1284399999999999	1.53749	0.71924
2015-06-04	1.13797	1.5441099999999999	0.71677
2015-06-05	1.12797	1.53698	0.7148
2015-06-08	1.13068	1.53639	0.71567
2015-06-09	1.1345399999999999	1.5389	0.71794
2015-06-10	1.13863	1.5553599999999999	0.72316
2015-06-11	1.13314	1.5533700000000001	0.70817
2015-06-12	1.12964	1.5597699999999999	0.70268
2015-06-15	1.12944	1.5613700000000001	0.70089
2015-06-16	1.13297	1.5653899999999998	0.70089
2015-06-17	1.13578	1.58467	0.70114
2015-06-18	1.14363	1.5929600000000002	0.69917
2015-06-19	1.13975	1.58967	0.69384
2015-06-22	1.14105	1.59097	0.69298
2015-06-23	1.13474	1.5831	0.68739
2015-06-24	1.12347	1.58026	0.69072
2015-06-25	1.12276	1.5770300000000002	0.69238
2015-06-26	1.12202	1.5767099999999998	0.69121
2015-06-29	1.1278299999999999	1.57882	0.6882
2015-06-30	1.1244	1.57755	0.68513
2015-07-01	1.1171	1.57322	0.68104
2015-07-02	1.11213	1.564	0.67393
2015-07-03	1.11178	1.5643799999999999	0.67314
2015-07-06	1.10955	1.56284	0.67148
2015-07-07	1.10585	1.5609899999999999	0.66844
2015-07-08	1.10928	1.5467	0.675
2015-07-09	1.11247	1.54204	0.67544
2015-07-10	1.12161	1.55512	0.67706
2015-07-13	1.11969	1.5588899999999999	0.6753
2015-07-14	1.1083	1.56387	0.67429
2015-07-15	1.10357	1.56748	0.67231
2015-07-16	1.09627	1.56501	0.66022
2015-07-17	1.09069	1.56726	0.65557
2015-07-20	1.08702	1.56272	0.66005
2015-07-21	1.0969	1.55904	0.66535
2015-07-22	1.09669	1.56459	0.66444
2015-07-23	1.10181	1.56707	0.66949
2015-07-24	1.09957	1.55259	0.66242
2015-07-27	1.11294	1.5595599999999998	0.66392
2015-07-28	1.10996	1.5628	0.67082
2015-07-29	1.1084	1.5689600000000001	0.67384
2015-07-30	1.09894	1.56429	0.66688
2015-07-31	1.11141	1.5678299999999998	0.66733
2015-08-03	1.09959	1.56446	0.66132
2015-08-04	1.09876	1.5633599999999999	0.6616
2015-08-05	1.0937000000000001	1.5651000000000002	0.6565
2015-08-06	1.0944099999999999	1.56369	0.65576
2015-08-07	1.09784	1.5545	0.6637
2015-08-10	1.10415	1.5605799999999999	0.66269
2015-08-11	1.10883	1.56162	0.66328
2015-08-12	1.12137	1.5659999999999998	0.66496
2015-08-13	1.11891	1.56366	0.66406
2015-08-14	1.11887	1.56595	0.65728
2015-08-17	1.11249	1.56875	0.65834
2015-08-18	1.10938	1.5716700000000001	0.66049
2015-08-19	1.11342	1.57004	0.66234
2015-08-20	1.12447	1.57015	0.66465
2015-08-21	1.13886	1.57232	0.67083
2015-08-24	1.1714	1.5803	0.6686
2015-08-25	1.16214	1.58186	0.65614
2015-08-26	1.15612	1.572	0.65123
2015-08-27	1.13642	1.5508600000000001	0.64899
2015-08-28	1.13099	1.5442900000000002	0.65053
2015-08-31	1.12621	1.54367	0.64671
2015-09-01	1.13321	1.54077	0.63886
2015-09-02	1.13195	1.5326	0.63686
2015-09-03	1.12433	1.53133	0.64147
2015-09-04	1.11894	1.52733	0.6402
2015-09-07	1.11777	1.5288300000000001	0.63012
2015-09-08	1.12296	1.54123	0.63554
2015-09-09	1.12163	1.54044	0.64251
2015-09-10	1.12952	1.54756	0.6351
2015-09-11	1.13495	1.54616	0.63269
2015-09-14	1.13731	1.54708	0.63443
2015-09-15	1.13287	1.5457	0.63683
2015-09-16	1.13206	1.55284	0.63784
2015-09-17	1.14411	1.5627499999999999	0.64456
2015-09-18	1.146	1.56588	0.64566
2015-09-21	1.13301	1.55678	0.64004
2015-09-22	1.12076	1.55287	0.6332
2015-09-23	1.12131	1.53668	0.63052
2015-09-24	1.1296	1.52888	0.63741
2015-09-25	1.12247	1.5260500000000001	0.63903
2015-09-28	1.12477	1.52409	0.64025
2015-09-29	1.12816	1.5205	0.63935
2015-09-30	1.12614	1.52138	0.64073
2015-10-01	1.1209	1.51803	0.64497
2015-10-02	1.13184	1.5237500000000002	0.64553
2015-10-05	1.12892	1.52444	0.65311
2015-10-06	1.12796	1.5242900000000001	0.65561
2015-10-07	1.12841	1.53396	0.66477
2015-10-08	1.1327099999999999	1.53722	0.6699
2015-10-09	1.13873	1.53831	0.67213
2015-10-12	1.13969	1.53732	0.67401
2015-10-13	1.14111	1.53877	0.67163
2015-10-14	1.1489099999999999	1.54942	0.68148
2015-10-15	1.14953	1.55084	0.6897
2015-10-16	1.13951	1.54863	0.68925
2015-10-19	1.13791	1.54966	0.682
2015-10-20	1.13869	1.55061	0.68459
2015-10-21	1.13776	1.54772	0.67588
2015-10-22	1.13511	1.55088	0.6821
2015-10-23	1.11399	1.5419	0.68651
2015-10-26	1.10684	1.5381399999999998	0.68055
2015-10-27	1.10787	1.53587	0.68129
2015-10-28	1.10959	1.53472	0.67758
2015-10-29	1.09862	1.53217	0.67133
2015-10-30	1.10727	1.54676	0.6792
2015-11-02	1.10528	1.54973	0.67857
2015-11-03	1.10302	1.54452	0.6779
2015-11-04	1.09679	1.5444900000000001	0.66672
2015-11-05	1.08973	1.54014	0.66424
2015-11-06	1.08938	1.52193	0.66253
2015-11-09	1.07901	1.51282	0.65667
2015-11-10	1.0764	1.5145499999999998	0.6556
2015-11-11	1.07737	1.5220799999999999	0.65882
2015-11-12	1.08302	1.5246300000000002	0.65791
2015-11-13	1.0817	1.5264799999999998	0.65538
2015-11-16	1.0758	1.52308	0.65474
2015-11-17	1.06907	1.52385	0.64964
2015-11-18	1.06923	1.5248599999999999	0.64899
2015-11-19	1.07629	1.53355	0.65929
2015-11-20	1.07384	1.53097	0.66058
2015-11-23	1.06568	1.5195699999999999	0.65614
2015-11-24	1.0673300000000001	1.51555	0.65588
2015-11-25	1.06892	1.51361	0.65825
2015-11-26	1.06274	1.5130400000000002	0.65964
2015-11-27	1.06381	1.51097	0.65782
2015-11-30	1.05949	1.50685	0.65909
2015-12-01	1.06371	1.51255	0.6688
2015-12-02	1.06355	1.5081799999999999	0.66801
2015-12-03	1.0981	1.51589	0.67059
2015-12-04	1.09561	1.51567	0.67875
2015-12-07	1.08875	1.51147	0.67419
2015-12-08	1.09026	1.5061200000000001	0.66582
2015-12-09	1.10428	1.51913	0.6759
2015-12-10	1.10242	1.5201799999999999	0.67819
2015-12-11	1.10308	1.52396	0.67817
2015-12-14	1.10487	1.5230299999999999	0.67897
2015-12-15	1.10597	1.51849	0.68259
2015-12-16	1.10116	1.50984	0.68344
2015-12-17	1.09138	1.50099	0.67998
2015-12-18	1.08745	1.49498	0.67524
2015-12-21	1.0939	1.4929299999999999	0.67801
2015-12-22	1.09842	1.49078	0.68358
2015-12-23	1.09568	1.49003	0.68288
2015-12-24	1.09676	1.4944899999999999	0.68422
2015-12-28	1.09925	1.49343	0.68532
2015-12-29	1.09918	1.49133	0.68831
2015-12-30	1.09438	1.48485	0.68722
2015-12-31	1.09371	1.48446	0.68669
2016-01-04	1.09464	1.4816099999999999	0.6835
2016-01-05	1.08388	1.47253	0.67576
2016-01-06	1.07995	1.46817	0.67078
2016-01-07	1.09401	1.46404	0.66666
2016-01-08	1.09335	1.46449	0.66779
2016-01-11	1.09697	1.46041	0.65797
2016-01-12	1.09003	1.45602	0.65685
2016-01-13	1.08877	1.4476	0.65906
2016-01-14	1.09429	1.44451	0.65156
2016-01-15	1.09846	1.44272	0.64911
2016-01-18	1.09275	1.43228	0.64797
2016-01-19	1.09389	1.43401	0.65136
2016-01-20	1.0976	1.42192	0.64373
2016-01-21	1.09215	1.42488	0.65587
2016-01-22	1.08766	1.43627	0.65507
2016-01-25	1.08566	1.43092	0.65321
2016-01-26	1.08743	1.43671	0.65116
2016-01-27	1.09164	1.43553	0.6531
2016-01-28	1.09677	1.44074	0.65138
2016-01-29	1.09486	1.44133	0.65432
2016-02-01	1.09129	1.44447	0.6558
2016-02-02	1.09401	1.4445700000000001	0.65539
2016-02-03	1.11453	1.46493	0.66974
2016-02-04	1.12389	1.46683	0.67475
2016-02-05	1.12481	1.45908	0.67523
2016-02-08	1.12159	1.4546700000000001	0.66591
2016-02-09	1.13381	1.45157	0.66687
2016-02-10	1.13116	1.45787	0.66948
2016-02-11	1.13765	1.45637	0.67344
2016-02-12	1.13339	1.45702	0.67389
2016-02-15	1.12499	1.45353	0.66763
2016-02-16	1.11928	1.45157	0.66758
2016-02-17	1.1179000000000001	1.4339	0.66494
2016-02-18	1.11497	1.43944	0.66682
2016-02-19	1.11393	1.44075	0.6647
2016-02-22	1.11248	1.43064	0.67256
2016-02-23	1.10528	1.41562	0.67142
2016-02-24	1.10465	1.40278	0.66741
2016-02-25	1.10501	1.39965	0.67301
2016-02-26	1.10684	1.40426	0.67743
2016-02-29	1.09626	1.39463	0.66203
2016-03-01	1.08936	1.40185	0.664
2016-03-02	1.08813	1.4093200000000001	0.66783
2016-03-03	1.09729	1.41939	0.67559
2016-03-04	1.10436	1.42484	0.6819
2016-03-07	1.1025800000000001	1.42836	0.68152
2016-03-08	1.1058	1.42755	0.68022
2016-03-09	1.10349	1.42409	0.68096
2016-03-10	1.12181	1.43176	0.67093
2016-03-11	1.12099	1.44364	0.67733
2016-03-14	1.11762	1.43893	0.67552
2016-03-15	1.1125	1.43057	0.66841
2016-03-16	1.12422	1.42737	0.67804
2016-03-17	1.13425	1.45032	0.6859
2016-03-18	1.13368	1.45142	0.68736
2016-03-21	1.1285	1.44681	0.67919
2016-03-22	1.12601	1.43975	0.6776
2016-03-23	1.12236	1.42273	0.67701
2016-03-24	1.11876	1.41826	0.67218
2016-03-25	1.11812	1.41585	0.67148
2016-03-28	1.12201	1.42828	0.67357
2016-03-29	1.13034	1.44039	0.68664
2016-03-30	1.13654	1.44591	0.69659
2016-03-31	1.14119	1.44261	0.69662
2016-04-01	1.1438	1.43715	0.69367
2016-04-04	1.14127	1.43215	0.69038
2016-04-05	1.14051	1.42787	0.68365
2016-04-06	1.14318	1.41711	0.68441
2016-04-07	1.14541	1.41568	0.68625
2016-04-08	1.14194	1.4141	0.68297
2016-04-11	1.14474	1.42868	0.68785
2016-04-12	1.14648	1.43481	0.6926
2016-04-13	1.13913	1.42789	0.69523
2016-04-14	1.12948	1.42074	0.69197
2016-04-15	1.13171	1.42415	0.69271
2016-04-18	1.1332	1.42908	0.69574
2016-04-19	1.13847	1.44189	0.70544
2016-04-20	1.13879	1.44104	0.70504
2016-04-21	1.13987	1.44403	0.69831
2016-04-22	1.13087	1.44517	0.69356
2016-04-25	1.12782	1.4519199999999999	0.68775
2016-04-26	1.13398	1.46386	0.69101
2016-04-27	1.13614	1.46216	0.69063
2016-04-28	1.13679	1.4623	0.69899
2016-04-29	1.14593	1.46706	0.69989
2016-05-02	1.1536	1.46962	0.7024
2016-05-03	1.16162	1.47698	0.70534
2016-05-04	1.15296	1.45716	0.69404
2016-05-05	1.14938	1.45292	0.69176
2016-05-06	1.14796	1.4546000000000001	0.6891
2016-05-09	1.14198	1.44795	0.68476
2016-05-10	1.14099	1.4478	0.6778
2016-05-11	1.14466	1.44879	0.68455
2016-05-12	1.14292	1.4530699999999999	0.68476
2016-05-13	1.13799	1.44544	0.68302
2016-05-16	1.13423	1.4414799999999999	0.68091
2016-05-17	1.1348799999999999	1.45241	0.68425
2016-05-18	1.13162	1.46344	0.68114
2016-05-19	1.123	1.4663599999999999	0.67647
2016-05-20	1.12374	1.46131	0.67813
2016-05-23	1.12429	1.45489	0.68065
2016-05-24	1.1227	1.4641899999999999	0.6768
2016-05-25	1.11669	1.47291	0.67729
2016-05-26	1.12169	1.4739200000000001	0.67662
2016-05-27	1.12007	1.46887	0.67583
2016-05-30	1.11446	1.46415	0.67058
2016-05-31	1.11735	1.4724300000000001	0.67761
2016-06-01	1.11941	1.45074	0.68299
2016-06-02	1.12201	1.4472800000000001	0.6834
2016-06-03	1.13738	1.45818	0.69601
2016-06-06	1.13928	1.4481899999999999	0.69511
2016-06-07	1.13805	1.4659900000000001	0.69818
2016-06-08	1.14106	1.46006	0.70276
2016-06-09	1.14156	1.4527	0.71478
2016-06-10	1.13214	1.44726	0.71225
2016-06-13	1.13031	1.43283	0.70817
2016-06-14	1.1298300000000001	1.42668	0.7061
2016-06-15	1.12988	1.42187	0.70707
2016-06-16	1.12948	1.42533	0.70934
2016-06-17	1.12963	1.4387699999999999	0.70719
2016-06-20	1.13825	1.47192	0.71304
2016-06-21	1.13496	1.47837	0.71692
2016-06-22	1.13376	1.47739	0.71884
2016-06-23	1.14213	1.49467	0.7255
2016-06-24	1.14278	1.5018	0.72969
2016-06-27	1.10835	1.34842	0.71131
2016-06-28	1.11115	1.34196	0.70854
2016-06-29	1.11302	1.35334	0.71361
2016-06-30	1.11544	1.34966	0.71413
2016-07-01	1.11693	1.33494	0.71976
2016-07-04	1.11594	1.33406	0.72406
2016-07-05	1.11863	1.32893	0.72339
2016-07-06	1.11114	1.30266	0.71562
2016-07-07	1.11071	1.30471	0.72357
2016-07-08	1.11204	1.30187	0.73066
2016-07-11	1.10746	1.3018	0.73043
2016-07-12	1.1126	1.32951	0.73246
2016-07-13	1.11198	1.33375	0.73172
2016-07-14	1.11647	1.34766	0.72942
2016-07-15	1.11489	1.34809	0.72016
2016-07-18	1.10842	1.33149	0.71539
2016-07-19	1.10804	1.32741	0.71163
2016-07-20	1.10303	1.32266	0.7068
2016-07-21	1.10601	1.32747	0.70259
2016-07-22	1.1041	1.32905	0.70164
2016-07-25	1.09986	1.3164500000000001	0.70161
2016-07-26	1.10298	1.31757	0.70859
2016-07-27	1.10648	1.32343	0.70853
2016-07-28	1.11195	1.3248	0.71214
2016-07-29	1.11975	1.33017	0.72291
2016-08-01	1.11838	1.3271899999999999	0.72298
2016-08-02	1.12337	1.33653	0.72564
2016-08-03	1.12267	1.33715	0.72456
2016-08-04	1.11562	1.33457	0.7201
2016-08-05	1.11612	1.31749	0.72192
2016-08-08	1.11048	1.3096700000000001	0.71442
2016-08-09	1.11224	1.30472	0.71803
2016-08-10	1.11902	1.30939	0.72647
2016-08-11	1.11914	1.30278	0.73422
2016-08-12	1.12212	1.30345	0.72548
2016-08-15	1.12037	1.29451	0.7227
2016-08-16	1.13226	1.30511	0.73041
2016-08-17	1.1316	1.30864	0.73219
2016-08-18	1.13663	1.31727	0.73113
2016-08-19	1.13592	1.31849	0.72923
2016-08-22	1.13306	1.31572	0.72935
2016-08-23	1.13553	1.3210600000000001	0.73445
2016-08-24	1.13113	1.32729	0.73349
2016-08-25	1.12975	1.32637	0.73365
2016-08-26	1.1341	1.32793	0.73803
2016-08-29	1.12077	1.31388	0.72641
2016-08-30	1.11923	1.31198	0.72649
2016-08-31	1.11654	1.31579	0.72656
2016-09-01	1.12052	1.3317999999999999	0.72953
2016-09-02	1.12521	1.33526	0.73603
2016-09-05	1.11823	1.33754	0.73436
2016-09-06	1.1263	1.34451	0.74218
2016-09-07	1.12714	1.34388	0.74854
2016-09-08	1.1327	1.33756	0.74822
2016-09-09	1.12849	1.33361	0.74131
2016-09-12	1.12682	1.33475	0.73568
2016-09-13	1.12607	1.33408	0.73641
2016-09-14	1.1274	1.32403	0.73131
2016-09-15	1.12836	1.32792	0.73247
2016-09-16	1.12498	1.3248	0.73309
2016-09-19	1.11977	1.3091300000000001	0.73256
2016-09-20	1.12134	1.30648	0.73584
2016-09-21	1.11964	1.30471	0.73663
2016-09-22	1.12573	1.31207	0.7369
2016-09-23	1.12405	1.30878	0.7315
2016-09-26	1.12791	1.29868	0.72871
2016-09-27	1.12587	1.3026200000000001	0.73303
2016-09-28	1.12368	1.30319	0.73051
2016-09-29	1.12498	1.30582	0.73031
2016-09-30	1.12506	1.30225	0.72976
2016-10-03	1.12439	1.29462	0.72906
2016-10-04	1.12387	1.28602	0.73105
2016-10-05	1.12333	1.27712	0.7208
2016-10-06	1.12123	1.27596	0.71794
2016-10-07	1.12048	1.26223	0.72004
2016-10-10	1.12028	1.24441	0.71825
2016-10-11	1.11422	1.23735	0.7142
2016-10-12	1.10675	1.2325	0.70947
2016-10-13	1.10575	1.22729	0.71019
2016-10-14	1.10584	1.22615	0.71329
2016-10-17	1.10078	1.22015	0.71412
2016-10-18	1.10262	1.23249	0.72177
2016-10-19	1.10049	1.23323	0.7249
2016-10-20	1.10393	1.22978	0.72656
2016-10-21	1.09296	1.22601	0.71945
2016-10-24	1.08995	1.22489	0.71761
2016-10-25	1.09048	1.22432	0.71729
2016-10-26	1.09465	1.22494	0.71836
2016-10-27	1.09421	1.22719	0.71669
2016-10-28	1.09917	1.22126	0.71659
2016-10-31	1.09907	1.22489	0.71664
2016-11-01	1.1069	1.22809	0.72203
2016-11-02	1.1123	1.23544	0.73101
2016-11-03	1.11259	1.24941	0.73401
2016-11-04	1.11405	1.25572	0.73388
2016-11-07	1.111	1.24976	0.7348
2016-11-08	1.1067	1.24396	0.74034
2016-11-09	1.12994	1.2547	0.73931
2016-11-10	1.09535	1.25847	0.73069
2016-11-11	1.09235	1.26736	0.72286
2016-11-14	1.08404	1.25907	0.71398
2016-11-15	1.08165	1.25288	0.71444
2016-11-16	1.07594	1.25023	0.71141
2016-11-17	1.07454	1.2505	0.71104
2016-11-18	1.06427	1.24363	0.70604
2016-11-21	1.0649	1.2512699999999999	0.70774
2016-11-22	1.06578	1.25123	0.70856
2016-11-23	1.06435	1.24687	0.70794
2016-11-24	1.05852	1.24946	0.70119
2016-11-25	1.06272	1.2481	0.70621
2016-11-28	1.06856	1.25313	0.71016
2016-11-29	1.06543	1.25259	0.71321
2016-11-30	1.06665	1.25234	0.71691
2016-12-01	1.06683	1.26956	0.71049
2016-12-02	1.06898	1.27371	0.71484
2016-12-05	1.07965	1.27448	0.71569
2016-12-06	1.07853	1.27745	0.71608
2016-12-07	1.07682	1.26828	0.71673
2016-12-08	1.08737	1.27045	0.72222
2016-12-09	1.06296	1.26206	0.71889
2016-12-12	1.06516	1.26994	0.72074
2016-12-13	1.0667	1.27279	0.72323
2016-12-14	1.06699	1.2723	0.72386
2016-12-15	1.05392	1.2567599999999999	0.71222
2016-12-16	1.04741	1.25104	0.705
2016-12-19	1.04795	1.25022	0.69893
2016-12-20	1.04178	1.2414100000000001	0.69327
2016-12-21	1.04512	1.23905	0.69478
2016-12-22	1.04993	1.23782	0.69255
2016-12-23	1.047	1.22986	0.69124
2016-12-26	1.04672	1.22963	0.69263
2016-12-27	1.04633	1.22865	0.69039
2016-12-28	1.04797	1.22965	0.69301
2016-12-29	1.04938	1.22742	0.69705
2016-12-30	1.06522	1.23877	0.69788
2017-01-02	1.05275	1.23539	0.69522
2017-01-03	1.049	1.23066	0.69743
2017-01-04	1.04998	1.23529	0.69753
2017-01-05	1.06152	1.24323	0.70364
2017-01-06	1.06209	1.24303	0.70436
2017-01-09	1.0582799999999999	1.2270699999999999	0.70324
2017-01-10	1.06269	1.21898	0.70475
2017-01-11	1.06228	1.22721	0.70876
2017-01-12	1.06845	1.2317	0.71443
2017-01-13	1.06735	1.22329	0.71407
2017-01-16	1.06356	1.20852	0.71483
2017-01-17	1.07193	1.24158	0.72195
2017-01-18	1.0715	1.24135	0.72157
2017-01-19	1.06765	1.23431	0.72005
2017-01-20	1.07094	1.23807	0.72249
2017-01-23	1.07692	1.25381	0.7238
2017-01-24	1.07749	1.25448	0.7277
2017-01-25	1.07697	1.26385	0.73066
2017-01-26	1.0765500000000001	1.26734	0.73122
2017-01-27	1.07249	1.26055	0.72843
2017-01-30	1.07401	1.26003	0.72958
2017-01-31	1.08123	1.25963	0.73503
2017-02-01	1.08073	1.26795	0.73111
2017-02-02	1.08288	1.27063	0.73375
2017-02-03	1.07975	1.25377	0.73308
2017-02-06	1.07906	1.24986	0.7327
2017-02-07	1.0749900000000001	1.25465	0.73755
2017-02-08	1.0714	1.25497	0.73337
2017-02-09	1.07095	1.25823	0.72646
2017-02-10	1.06676	1.25211	0.72102
2017-02-13	1.06585	1.25393	0.72181
2017-02-14	1.06334	1.25484	0.71975
2017-02-15	1.06091	1.24808	0.72302
2017-02-16	1.06792	1.25236	0.72427
2017-02-17	1.06767	1.25111	0.72204
2017-02-20	1.06328	1.24828	0.71943
2017-02-21	1.06153	1.24806	0.71873
2017-02-22	1.05739	1.2508	0.71989
2017-02-23	1.05951	1.25616	0.72464
2017-02-24	1.06178	1.25701	0.7238
2017-02-27	1.06307	1.24786	0.72274
2017-02-28	1.06301	1.24705	0.7237
2017-03-01	1.05893	1.24045	0.71934
2017-03-02	1.05512	1.23075	0.71504
2017-03-03	1.06239	1.2300200000000001	0.70661
2017-03-06	1.06399	1.2300200000000001	0.70454
2017-03-07	1.06024	1.22526	0.70182
2017-03-08	1.0574	1.22138	0.6978
2017-03-09	1.06152	1.21951	0.69173
2017-03-10	1.0699	1.21885	0.69476
2017-03-13	1.0714299999999999	1.2251	0.69497
2017-03-14	1.06625	1.2221899999999999	0.69399
2017-03-15	1.07399	1.23094	0.70489
2017-03-16	1.07738	1.2377	0.70453
2017-03-17	1.07823	1.24049	0.70406
2017-03-20	1.07773	1.24358	0.70733
2017-03-21	1.08191	1.24946	0.70898
2017-03-22	1.08246	1.25064	0.70729
2017-03-23	1.08048	1.25312	0.70553
2017-03-24	1.0818	1.2521	0.70427
2017-03-27	1.09059	1.26151	0.70679
2017-03-28	1.08724	1.25965	0.70492
2017-03-29	1.0826500000000001	1.2476	0.70391
2017-03-30	1.07697	1.25245	0.70445
2017-03-31	1.07019	1.25574	0.70171
2017-04-03	1.0681	1.25559	0.70154
2017-04-04	1.06772	1.24954	0.70224
2017-04-05	1.0689	1.2498	0.69838
2017-04-06	1.06839	1.25057	0.69899
2017-04-07	1.06664	1.24776	0.69945
2017-04-10	1.06066	1.2429000000000001	0.69655
2017-04-11	1.063	1.24952	0.69691
2017-04-12	1.06751	1.25484	0.69747
2017-04-13	1.06776	1.25748	0.70151
2017-04-14	1.063	1.2535	0.70119
2017-04-17	1.06706	1.25961	0.70362
2017-04-18	1.07361	1.29058	0.70431
2017-04-19	1.07371	1.28605	0.70526
2017-04-20	1.07776	1.28472	0.70521
2017-04-21	1.07381	1.28346	0.70363
2017-04-24	1.09099	1.2838	0.70524
2017-04-25	1.09501	1.2845900000000001	0.70164
2017-04-26	1.0951	1.28636	0.69561
2017-04-27	1.09331	1.29175	0.69204
2017-04-28	1.09476	1.2965499999999999	0.68904
2017-05-01	1.09241	1.29431	0.69233
2017-05-02	1.09332	1.29401	0.69408
2017-05-03	1.0937000000000001	1.2947600000000001	0.69685
2017-05-04	1.09873	1.29325	0.68934
2017-05-05	1.09997	1.2984200000000001	0.69284
2017-05-08	1.10217	1.2989600000000001	0.69454
2017-05-09	1.09336	1.2961	0.69265
2017-05-10	1.08982	1.2988	0.6951
2017-05-11	1.0893	1.29486	0.68688
2017-05-12	1.09343	1.28999	0.68704
2017-05-15	1.09896	1.29407	0.69184
2017-05-16	1.1097299999999999	1.29575	0.69063
2017-05-17	1.11623	1.29907	0.69448
2017-05-18	1.1172	1.3047900000000001	0.695
2017-05-19	1.1212	1.30401	0.69388
2017-05-22	1.12635	1.3043	0.69981
2017-05-23	1.12684	1.30337	0.70466
2017-05-24	1.1219999999999999	1.2999100000000001	0.70584
2017-05-25	1.12502	1.3014999999999999	0.70546
2017-05-26	1.12346	1.29471	0.70768
2017-05-29	1.11899	1.28505	0.70883
2017-05-30	1.12053	1.28882	0.71015
2017-05-31	1.12522	1.29213	0.71221
2017-06-01	1.12568	1.29158	0.70894
2017-06-02	1.12851	1.29037	0.71468
2017-06-05	1.12841	1.2941099999999999	0.71494
2017-06-06	1.12841	1.29502	0.72051
2017-06-07	1.12826	1.297	0.72063
2017-06-08	1.12692	1.2977699999999999	0.72227
2017-06-09	1.12371	1.28395	0.72205
2017-06-12	1.1232199999999999	1.27695	0.72132
2017-06-13	1.12248	1.27567	0.72275
2017-06-14	1.1296	1.2818	0.73193
2017-06-15	1.12286	1.27958	0.72689
2017-06-16	1.12016	1.2806	0.72591
2017-06-19	1.12129	1.28145	0.72985
2017-06-20	1.11652	1.27582	0.72674
2017-06-21	1.11691	1.27101	0.72501
2017-06-22	1.1178	1.26916	0.72756
2017-06-23	1.1209	1.27446	0.72967
2017-06-26	1.12199	1.2759800000000001	0.73106
2017-06-27	1.13494	1.2861099999999999	0.73441
2017-06-28	1.13908	1.2972000000000001	0.73143
2017-06-29	1.14455	1.30155	0.73319
2017-06-30	1.1445400000000001	1.30301	0.73463
2017-07-03	1.14267	1.3024499999999999	0.73452
2017-07-04	1.1377	1.29589	0.72993
2017-07-05	1.13686	1.2947899999999999	0.72969
2017-07-06	1.14249	1.29836	0.72923
2017-07-07	1.144	1.2974700000000001	0.73105
2017-07-10	1.14182	1.2908	0.72831
2017-07-11	1.14798	1.29274	0.72787
2017-07-12	1.14895	1.29075	0.72806
2017-07-13	1.1456	1.2955	0.73686
2017-07-14	1.14719	1.31136	0.73656
2017-07-17	1.14871	1.31128	0.73607
2017-07-18	1.15832	1.31258	0.73728
2017-07-19	1.1556899999999999	1.30529	0.73879
2017-07-20	1.16583	1.30325	0.74156
2017-07-21	1.1683	1.30199	0.74589
2017-07-24	1.16843	1.3058	0.74561
2017-07-25	1.17123	1.30838	0.7451
2017-07-26	1.17401	1.31228	0.75288
2017-07-27	1.17767	1.31588	0.75582
2017-07-28	1.1764000000000001	1.31519	0.75246
2017-07-31	1.18457	1.32249	0.75225
2017-08-01	1.18444	1.32451	0.7525
2017-08-02	1.19103	1.32518	0.74738
2017-08-03	1.18932	1.32686	0.74511
2017-08-04	1.18893	1.31643	0.74549
2017-08-07	1.18142	1.3059	0.74166
2017-08-08	1.18239	1.30534	0.73699
2017-08-09	1.17638	1.30282	0.73445
2017-08-10	1.17854	1.30152	0.73684
2017-08-11	1.18471	1.30314	0.7328
2017-08-14	1.18384	1.30218	0.73304
2017-08-15	1.17927	1.29702	0.73119
2017-08-16	1.17787	1.2903	0.73183
2017-08-17	1.179	1.2909	0.73355
2017-08-18	1.17746	1.29183	0.73356
2017-08-21	1.18282	1.2916400000000001	0.73373
2017-08-22	1.18244	1.29087	0.73351
2017-08-23	1.18232	1.28334	0.72832
2017-08-24	1.1818	1.2837	0.7236
2017-08-25	1.19417	1.2889	0.72586
2017-08-28	1.19838	1.29427	0.72633
2017-08-29	1.2070400000000001	1.29789	0.72985
2017-08-30	1.19845	1.2938	0.7278
2017-08-31	1.19127	1.29348	0.721
2017-09-01	1.1979899999999999	1.29953	0.72072
2017-09-04	1.19221	1.29661	0.71824
2017-09-05	1.19409	1.3042500000000001	0.72636
2017-09-06	1.19504	1.30822	0.72611
2017-09-07	1.20597	1.3115700000000001	0.72422
2017-09-08	1.20924	1.32241	0.73377
2017-09-11	1.20296	1.32223	0.72944
2017-09-12	1.19782	1.32983	0.73208
2017-09-13	1.1994799999999999	1.3329	0.73035
2017-09-14	1.19224	1.34056	0.72627
2017-09-15	1.19872	1.36166	0.73104
2017-09-18	1.1969400000000001	1.36188	0.73437
2017-09-19	1.20066	1.35516	0.73267
2017-09-20	1.20337	1.36578	0.7434
2017-09-21	1.19538	1.35866	0.7364
2017-09-22	1.20047	1.35961	0.73441
2017-09-25	1.19366	1.35708	0.73281
2017-09-26	1.18616	1.35145	0.72777
2017-09-27	1.17953	1.34615	0.72397
2017-09-28	1.18041	1.3455599999999999	0.72393
2017-09-29	1.18325	1.34436	0.72439
2017-10-02	1.18151	1.34026	0.7226
2017-10-03	1.17736	1.32877	0.71977
2017-10-04	1.17876	1.32922	0.72057
2017-10-05	1.17789	1.3250199999999999	0.71674
2017-10-06	1.17388	1.3121	0.7118
2017-10-09	1.17561	1.31839	0.70856
2017-10-10	1.18254	1.32259	0.70879
2017-10-11	1.1869	1.32344	0.70987
2017-10-12	1.18798	1.32905	0.7146
2017-10-13	1.18752	1.33379	0.71968
2017-10-16	1.1819600000000001	1.33117	0.71961
2017-10-17	1.18001	1.32871	0.72032
2017-10-18	1.18054	1.32127	0.71784
2017-10-19	1.18582	1.32283	0.71713
2017-10-20	1.1858	1.32005	0.70364
2017-10-23	1.17774	1.3227	0.69901
2017-10-24	1.17929	1.32279	0.70041
2017-10-25	1.18178	1.32718	0.69123
2017-10-26	1.18368	1.32792	0.69038
2017-10-27	1.16573	1.3162099999999999	0.68757
2017-10-30	1.1658	1.3215	0.68876
2017-10-31	1.16615	1.32885	0.68818
2017-11-01	1.16574	1.33208	0.69305
2017-11-02	1.1687400000000001	1.32992	0.69425
2017-11-03	1.16905	1.31331	0.69505
2017-11-06	1.1623999999999999	1.31748	0.69585
2017-11-07	1.16156	1.31778	0.69539
2017-11-08	1.16112	1.31757	0.69736
2017-11-09	1.1655	1.31656	0.69799
2017-11-10	1.1678	1.32294	0.69579
2017-11-13	1.1675200000000001	1.318	0.69375
2017-11-14	1.18051	1.31871	0.69014
2017-11-15	1.18608	1.32137	0.69191
2017-11-16	1.1801	1.32077	0.68788
2017-11-17	1.18218	1.32603	0.68833
2017-11-20	1.18087	1.32795	0.684
2017-11-21	1.17578	1.32674	0.68403
2017-11-22	1.18272	1.33293	0.68942
2017-11-23	1.18561	1.33371	0.69052
2017-11-24	1.19445	1.33599	0.68943
2017-11-27	1.19612	1.33832	0.69265
2017-11-28	1.192	1.33876	0.69455
2017-11-29	1.18829	1.3448	0.69294
2017-11-30	1.19315	1.3549	0.68888
2017-12-01	1.19403	1.35498	0.69121
2017-12-04	1.18787	1.35386	0.68709
2017-12-05	1.18767	1.34818	0.69076
2017-12-06	1.18482	1.3443399999999999	0.69169
2017-12-07	1.18147	1.34851	0.68887
2017-12-08	1.17766	1.3520400000000001	0.68702
2017-12-11	1.18119	1.34314	0.69305
2017-12-12	1.17927	1.33801	0.69531
2017-12-13	1.18317	1.34299	0.70277
2017-12-14	1.18625	1.3465799999999999	0.70232
2017-12-15	1.18125	1.34475	0.70339
2017-12-18	1.18344	1.34186	0.70282
2017-12-19	1.18488	1.34022	0.70188
2017-12-20	1.19018	1.34202	0.70142
2017-12-21	1.18896	1.33874	0.70199
2017-12-22	1.1875499999999999	1.33975	0.70278
2017-12-26	1.18788	1.3389199999999999	0.70427
2017-12-27	1.19103	1.34296	0.70763
2017-12-28	1.1959	1.34567	0.70987
2017-12-29	1.20255	1.35443	0.7124
2018-01-02	1.20813	1.3600400000000001	0.71311
2018-01-03	1.20662	1.36127	0.71109
2018-01-04	1.2089	1.35598	0.71633
2018-01-05	1.2083	1.35823	0.71866
2018-01-08	1.20523	1.35855	0.71841
2018-01-09	1.19756	1.35823	0.7197
2018-01-10	1.20182	1.35621	0.72299
2018-01-11	1.20591	1.35549	0.72625
2018-01-12	1.22186	1.3744399999999999	0.72762
2018-01-15	1.22967	1.38199	0.73148
2018-01-16	1.22834	1.38058	0.73073
2018-01-17	1.23231	1.39426	0.73313
2018-01-18	1.22652	1.39132	0.73211
2018-01-19	1.22956	1.39452	0.73234
2018-01-22	1.22709	1.3991	0.73292
2018-01-23	1.2306300000000001	1.40276	0.73649
2018-01-24	1.2415	1.4263	0.74365
2018-01-25	1.25378	1.43454	0.73925
2018-01-26	1.24938	1.42866	0.73747
2018-01-29	1.24323	1.41585	0.73643
2018-01-30	1.2454	1.4166699999999999	0.73553
2018-01-31	1.24748	1.42328	0.742
2018-02-01	1.25228	1.42783	0.74037
2018-02-02	1.25182	1.42782	0.74057
2018-02-05	1.2475	1.41507	0.73305
2018-02-06	1.24348	1.39995	0.7351
2018-02-07	1.24062	1.39944	0.73459
2018-02-08	1.2295099999999999	1.40672	0.72425
2018-02-09	1.22873	1.39873	0.72593
2018-02-12	1.2297500000000001	1.3876	0.72773
2018-02-13	1.23712	1.39243	0.73149
2018-02-14	1.2465	1.40165	0.73792
2018-02-15	1.25102	1.41039	0.74115
2018-02-16	1.25552	1.41446	0.74369
2018-02-19	1.2435100000000001	1.40494	0.74093
2018-02-20	1.24121	1.40244	0.73742
2018-02-21	1.23599	1.40088	0.73861
2018-02-22	1.23521	1.39885	0.73647
2018-02-23	1.23371	1.40052	0.7345
2018-02-26	1.23553	1.40698	0.73452
2018-02-27	1.23464	1.39963	0.73043
2018-02-28	1.22416	1.3916	0.72424
2018-03-01	1.22732	1.37855	0.72637
2018-03-02	1.23359	1.38166	0.72792
2018-03-05	1.23639	1.38775	0.72454
2018-03-06	1.2420200000000001	1.39293	0.73106
2018-03-07	1.24443	1.39123	0.72997
2018-03-08	1.24461	1.39099	0.72972
2018-03-09	1.23343	1.38889	0.72975
2018-03-12	1.23456	1.39175	0.73231
2018-03-13	1.24075	1.39944	0.73549
2018-03-14	1.24125	1.39957	0.73538
2018-03-15	1.23837	1.3988399999999999	0.73342
2018-03-16	1.23362	1.3980299999999999	0.72816
2018-03-19	1.23587	1.40881	0.72603
2018-03-20	1.23547	1.40664	0.72489
2018-03-21	1.23501	1.41506	0.72456
2018-03-22	1.23886	1.42192	0.72626
2018-03-23	1.23733	1.41717	0.72735
2018-03-26	1.24616	1.42442	0.73005
2018-03-27	1.24767	1.42444	0.73032
2018-03-28	1.24216	1.42004	0.72745
2018-03-29	1.23357	1.4096	0.72354
2018-03-30	1.23305	1.40594	0.72473
2018-04-02	1.2345	1.40777	0.72402
2018-04-03	1.23364	1.40888	0.72705
2018-04-04	1.23149	1.40965	0.73109
2018-04-05	1.22902	1.40968	0.73223
2018-04-06	1.22909	1.41059	0.72823
2018-04-09	1.23307	1.41642	0.73242
2018-04-10	1.23777	1.4188	0.73763
2018-04-11	1.23965	1.42233	0.73785
2018-04-12	1.23799	1.42466	0.73892
2018-04-13	1.23459	1.42963	0.73951
2018-04-16	1.23946	1.43442	0.7371
2018-04-17	1.24138	1.43765	0.73723
2018-04-18	1.23972	1.4315	0.73446
2018-04-19	1.24004	1.42461	0.73435
2018-04-20	1.23533	1.40907	0.72719
2018-04-23	1.22895	1.40311	0.72182
2018-04-24	1.2245	1.39871	0.71576
2018-04-25	1.22387	1.3997	0.71196
2018-04-26	1.221	1.39981	0.7095
2018-04-27	1.21328	1.39346	0.70958
2018-04-30	1.21388	1.3792200000000001	0.70891
2018-05-01	1.20841	1.37729	0.70411
2018-05-02	1.20317	1.36658	0.70316
2018-05-03	1.20088	1.36296	0.7047
2018-05-04	1.19956	1.35859	0.70528
2018-05-07	1.19781	1.35754	0.70414
2018-05-08	1.19388	1.35931	0.70303
2018-05-09	1.1897	1.3607	0.69967
2018-05-10	1.19465	1.36179	0.69705
2018-05-11	1.19679	1.35958	0.69869
2018-05-14	1.1996	1.36079	0.69743
2018-05-15	1.19385	1.35721	0.69244
2018-05-16	1.18543	1.35209	0.69169
2018-05-17	1.18374	1.35693	0.69374
2018-05-18	1.18221	1.3528	0.69219
2018-05-21	1.1795499999999999	1.34827	0.69498
2018-05-22	1.18299	1.34916	0.69743
2018-05-23	1.17896	1.34421	0.69448
2018-05-24	1.17506	1.34216	0.69375
2018-05-25	1.17336	1.33874	0.6938
2018-05-28	1.17282	1.33411	0.69595
2018-05-29	1.16397	1.33252	0.69491
2018-05-30	1.16764	1.3307	0.69982
2018-05-31	1.17244	1.3348200000000001	0.70236
2018-06-01	1.1718	1.33619	0.70201
2018-06-04	1.17445	1.33985	0.70482
2018-06-05	1.17322	1.34087	0.70445
2018-06-06	1.17956	1.34437	0.70599
2018-06-07	1.18401	1.34723	0.70565
2018-06-08	1.18104	1.34391	0.70422
2018-06-11	1.18207	1.34413	0.70534
2018-06-12	1.1809	1.3424800000000001	0.70459
2018-06-13	1.18009	1.3389199999999999	0.70532
2018-06-14	1.18519	1.34467	0.70444
2018-06-15	1.1627	1.32981	0.6976
2018-06-18	1.16242	1.32803	0.69558
2018-06-19	1.16445	1.32728	0.69436
2018-06-20	1.16	1.32173	0.69168
2018-06-21	1.16334	1.32699	0.68828
2018-06-22	1.1675	1.33151	0.69206
2018-06-25	1.1713	1.32908	0.69218
2018-06-26	1.17205	1.3292	0.69016
2018-06-27	1.16722	1.3234	0.68598
2018-06-28	1.16007	1.31207	0.68103
2018-06-29	1.16904	1.32137	0.67844
2018-07-02	1.16859	1.32083	0.67893
2018-07-03	1.16732	1.32067	0.67595
2018-07-04	1.16818	1.32494	0.67837
2018-07-05	1.17203	1.32748	0.67974
2018-07-06	1.17679	1.32901	0.68444
2018-07-09	1.17908	1.33629	0.68588
2018-07-10	1.17626	1.33011	0.6857
2018-07-11	1.17584	1.32853	0.68349
2018-07-12	1.16956	1.3244799999999999	0.6786
2018-07-13	1.16866	1.32382	0.67863
2018-07-16	1.17254	1.32929	0.67929
2018-07-17	1.17445	1.32686	0.68403
2018-07-18	1.1665	1.31168	0.6805
2018-07-19	1.1678600000000001	1.30833	0.68053
2018-07-20	1.17388	1.3140100000000001	0.68172
2018-07-23	1.17504	1.31582	0.68243
2018-07-24	1.17169	1.31596	0.68183
2018-07-25	1.17386	1.32008	0.68422
2018-07-26	1.17437	1.32132	0.68504
2018-07-27	1.16643	1.3131	0.68003
2018-07-30	1.17188	1.3152	0.68345
2018-07-31	1.1746	1.31729	0.68319
2018-08-01	1.16997	1.31444	0.68197
2018-08-02	1.1667399999999999	1.31285	0.6798
2018-08-03	1.16106	1.30433	0.67659
2018-08-06	1.15707	1.3006	0.67556
2018-08-07	1.16082	1.29735	0.67554
2018-08-08	1.16282	1.29599	0.67627
2018-08-09	1.16194	1.29117	0.67269
2018-08-10	1.15364	1.28366	0.66209
2018-08-13	1.14329	1.2791299999999999	0.65948
2018-08-14	1.14294	1.28272	0.66098
2018-08-15	1.1354899999999999	1.2735400000000001	0.65768
2018-08-16	1.14092	1.27543	0.66083
2018-08-17	1.14449	1.27526	0.66361
2018-08-20	1.1485	1.27991	0.6649
2018-08-21	1.16011	1.29246	0.67009
2018-08-22	1.1623	1.29363	0.67218
2018-08-23	1.15995	1.29181	0.67009
2018-08-24	1.16399	1.28809	0.66962
2018-08-27	1.16937	1.29009	0.67024
2018-08-28	1.17336	1.29318	0.67271
2018-08-29	1.171	1.30324	0.67193
2018-08-30	1.17182	1.30433	0.67167
2018-08-31	1.16902	1.30289	0.66615
2018-09-03	1.16279	1.29335	0.66216
2018-09-04	1.16208	1.28761	0.66068
2018-09-05	1.16402	1.29827	0.65995
2018-09-06	1.16594	1.29623	0.66161
2018-09-07	1.16495	1.30279	0.65933
2018-09-10	1.16162	1.30521	0.65469
2018-09-11	1.16442	1.30876	0.65407
2018-09-12	1.16496	1.30822	0.65654
2018-09-13	1.17013	1.31243	0.65895
2018-09-14	1.17217	1.31434	0.65954
2018-09-17	1.16983	1.31651	0.65902
2018-09-18	1.17245	1.31728	0.66078
2018-09-19	1.1715	1.32149	0.66225
2018-09-20	1.17845	1.32983	0.66929
2018-09-21	1.18027	1.32764	0.66989
2018-09-24	1.18151	1.31667	0.66883
2018-09-25	1.17926	1.31937	0.66588
2018-09-26	1.17978	1.32176	0.66958
2018-09-27	1.17571	1.3177699999999999	0.66754
2018-09-28	1.16513	1.30901	0.66394
2018-10-01	1.16248	1.31162	0.66284
2018-10-02	1.15802	1.30483	0.66124
2018-10-03	1.15937	1.30231	0.65933
2018-10-04	1.15428	1.30411	0.65196
2018-10-05	1.15497	1.3123	0.64858
2018-10-08	1.15297	1.31326	0.64548
2018-10-09	1.15034	1.31501	0.64739
2018-10-10	1.15455	1.32158	0.64964
2018-10-11	1.15993	1.32486	0.65318
2018-10-12	1.16106	1.32577	0.65333
2018-10-15	1.16064	1.31818	0.65566
2018-10-16	1.16214	1.32361	0.65968
2018-10-17	1.15804	1.31924	0.66017
2018-10-18	1.15273	1.31314	0.65777
2018-10-19	1.15346	1.31044	0.6607
2018-10-22	1.15502	1.309	0.66107
2018-10-23	1.14938	1.30442	0.65687
2018-10-24	1.14768	1.29905	0.65672
2018-10-25	1.14327	1.2919399999999999	0.65442
2018-10-26	1.14212	1.28414	0.65329
2018-10-29	1.14164	1.2852999999999999	0.65554
2018-10-30	1.13877	1.28128	0.65728
2018-10-31	1.13602	1.28307	0.65706
2018-11-01	1.14242	1.30353	0.66623
2018-11-02	1.1455899999999999	1.30405	0.66895
2018-11-05	1.1424	1.30558	0.66759
2018-11-06	1.14379	1.3107	0.67406
2018-11-07	1.14998	1.31746	0.68193
2018-11-08	1.14468	1.315	0.67966
2018-11-09	1.13689	1.30701	0.67654
2018-11-12	1.13307	1.29467	0.67572
2018-11-13	1.12937	1.30474	0.67675
2018-11-14	1.13476	1.3072300000000001	0.68088
2018-11-15	1.13626	1.303	0.68398
2018-11-16	1.14202	1.2877399999999999	0.68835
2018-11-19	1.14646	1.28845	0.68736
2018-11-20	1.14723	1.2883200000000001	0.68694
2018-11-21	1.14249	1.28198	0.68536
2018-11-22	1.14341	1.29276	0.68339
2018-11-23	1.14213	1.2883	0.68202
2018-11-26	1.13838	1.28641	0.68158
2018-11-27	1.13438	1.28196	0.681
2018-11-28	1.13877	1.2846899999999999	0.68869
2018-11-29	1.14017	1.28497	0.68841
2018-11-30	1.14005	1.28097	0.68856
2018-12-03	1.13797	1.28246	0.69398
2018-12-04	1.14188	1.28397	0.69694
2018-12-05	1.13614	1.27983	0.69441
2018-12-06	1.14126	1.28119	0.69003
2018-12-07	1.14238	1.2790300000000001	0.68985
2018-12-10	1.1442700000000001	1.27599	0.69045
2018-12-11	1.1400299999999999	1.26387	0.69115
2018-12-12	1.13872	1.26719	0.69004
2018-12-13	1.13934	1.26865	0.68794
2018-12-14	1.1365	1.26631	0.6862
2018-12-17	1.13577	1.2647	0.68177
2018-12-18	1.14022	1.27055	0.68801
2018-12-19	1.14395	1.26792	0.68704
2018-12-20	1.14859	1.27073	0.67905
2018-12-21	1.14741	1.26977	0.67901
2018-12-24	1.14386	1.27386	0.67437
2018-12-26	1.14202	1.27188	0.67459
2018-12-27	1.14543	1.26753	0.67409
2018-12-28	1.14727	1.27082	0.67202
2018-12-31	1.14675	1.28147	0.67221
2019-01-02	1.14969	1.27728	0.67247
2019-01-03	1.14112	1.26474	0.66998
2019-01-04	1.14191	1.27445	0.67518
2019-01-07	1.14826	1.2787	0.67669
2019-01-08	1.14846	1.2797399999999999	0.67577
2019-01-09	1.15582	1.28034	0.68097
2019-01-10	1.15699	1.28012	0.67943
2019-01-11	1.15405	1.2866	0.68437
2019-01-14	1.14822	1.29306	0.68324
2019-01-15	1.14897	1.29157	0.68489
2019-01-16	1.14249	1.28973	0.68303
2019-01-17	1.14059	1.30007	0.67865
2019-01-18	1.14103	1.29936	0.67844
2019-01-21	1.13914	1.29108	0.67455
2019-01-22	1.1374	1.29753	0.67549
2019-01-23	1.13944	1.3081	0.67983
2019-01-24	1.1391499999999999	1.30942	0.68072
2019-01-25	1.14176	1.32182	0.68507
2019-01-28	1.14436	1.32111	0.68721
2019-01-29	1.14504	1.32	0.68617
2019-01-30	1.15017	1.31457	0.69115
2019-01-31	1.1514199999999999	1.31605	0.69389
2019-02-01	1.14885	1.31149	0.69417
2019-02-04	1.14604	1.3103500000000001	0.69057
2019-02-05	1.14404	1.3051599999999999	0.69058
2019-02-06	1.14096	1.29791	0.69052
2019-02-07	1.13685	1.29966	0.6778
2019-02-08	1.13509	1.29764	0.67662
2019-02-11	1.13299	1.2939	0.67732
2019-02-12	1.13396	1.29094	0.67439
2019-02-13	1.13415	1.2959100000000001	0.68518
2019-02-14	1.13099	1.28776	0.68558
2019-02-15	1.13063	1.2898399999999999	0.68742
2019-02-18	1.13339	1.29388	0.68788
2019-02-19	1.13577	1.3073000000000001	0.68874
2019-02-20	1.13711	1.31095	0.68853
2019-02-21	1.13666	1.30955	0.68767
2019-02-22	1.13557	1.30802	0.68537
2019-02-25	1.13675	1.31145	0.69019
2019-02-26	1.14028	1.32882	0.6903
2019-02-27	1.1403699999999999	1.33499	0.69017
2019-02-28	1.14195	1.33193	0.68536
2019-03-01	1.1408800000000001	1.32863	0.68388
2019-03-04	1.13813	1.3254299999999999	0.68278
2019-03-05	1.13412	1.3198699999999999	0.68273
2019-03-06	1.13247	1.31813	0.68013
2019-03-07	1.13202	1.3185	0.67918
2019-03-08	1.12461	1.31082	0.68104
2019-03-11	1.12585	1.31705	0.68357
2019-03-12	1.1305	1.32901	0.68728
2019-03-13	1.13386	1.33816	0.68616
2019-03-14	1.13377	1.33347	0.68653
2019-03-15	1.13443	1.33002	0.68586
2019-03-18	1.13591	1.33006	0.6874
2019-03-19	1.13616	1.33115	0.68712
2019-03-20	1.14481	1.32724	0.69177
2019-03-21	1.14375	1.32273	0.69386
2019-03-22	1.13906	1.3223500000000001	0.68976
2019-03-25	1.13316	1.32462	0.69186
2019-03-26	1.13259	1.32613	0.69245
2019-03-27	1.12856	1.3269	0.69142
2019-03-28	1.12612	1.32126	0.68281
2019-03-29	1.12466	1.31363	0.68234
2019-04-01	1.12501	1.31497	0.68373
2019-04-02	1.12162	1.3149899999999999	0.6804
2019-04-03	1.12546	1.31962	0.67998
2019-04-04	1.12477	1.3191	0.67993
2019-04-05	1.12484	1.3122099999999999	0.67654
2019-04-08	1.12745	1.30743	0.67534
2019-04-09	1.12843	1.31215	0.67584
2019-04-10	1.12882	1.31199	0.67738
2019-04-11	1.12875	1.31091	0.67712
2019-04-12	1.13239	1.31328	0.67818
2019-04-15	1.1320999999999999	1.31193	0.67828
2019-04-16	1.1313900000000001	1.31013	0.67694
2019-04-17	1.1323699999999999	1.30671	0.6776
2019-04-18	1.13039	1.30523	0.67298
2019-04-19	1.12475	1.3009	0.66939
2019-04-22	1.12619	1.29976	0.66896
2019-04-23	1.12611	1.30192	0.66841
2019-04-24	1.1227	1.29636	0.66571
2019-04-25	1.11623	1.29166	0.66294
2019-04-26	1.1173899999999999	1.29434	0.66816
2019-04-29	1.11868	1.2946900000000001	0.66807
2019-04-30	1.12291	1.3048899999999999	0.66849
2019-05-01	1.12647	1.31025	0.66793
2019-05-02	1.1219	1.3082	0.66394
2019-05-03	1.12048	1.31765	0.66529
2019-05-06	1.12091	1.3171	0.66293
2019-05-07	1.12178	1.3131599999999999	0.6631
2019-05-08	1.12136	1.30803	0.6604
2019-05-09	1.12508	1.30358	0.65975
2019-05-10	1.12535	1.30473	0.66141
2019-05-13	1.12634	1.30408	0.66031
2019-05-14	1.1244	1.29711	0.65913
2019-05-15	1.12246	1.2923	0.65777
2019-05-16	1.12238	1.28517	0.65825
2019-05-17	1.11842	1.27981	0.65469
2019-05-20	1.11747	1.27572	0.65463
2019-05-21	1.11879	1.28146	0.65429
2019-05-22	1.11804	1.27192	0.65105
2019-05-23	1.11874	1.26838	0.65261
2019-05-24	1.12121	1.27329	0.65556
2019-05-27	1.12151	1.2747600000000001	0.65592
2019-05-28	1.11984	1.2702	0.65584
2019-05-29	1.11723	1.2671299999999999	0.65525
2019-05-30	1.11432	1.26406	0.65276
2019-05-31	1.11797	1.26444	0.65474
2019-06-03	1.12619	1.2674	0.66042
2019-06-04	1.12774	1.27143	0.66193
2019-06-05	1.13064	1.27436	0.66666
2019-06-06	1.1309	1.2742	0.66442
2019-06-07	1.13477	1.2763	0.66815
2019-06-10	1.13308	1.27358	0.66626
2019-06-11	1.13374	1.27324	0.66113
2019-06-12	1.13434	1.27584	0.65927
2019-06-13	1.13036	1.2707899999999999	0.65877
2019-06-14	1.12891	1.26821	0.65735
2019-06-17	1.12469	1.26055	0.65145
2019-06-18	1.12428	1.25647	0.65377
2019-06-19	1.12542	1.26739	0.6563
2019-06-20	1.1317300000000001	1.2726899999999999	0.6596
2019-06-21	1.13777	1.27466	0.66041
2019-06-24	1.1404	1.2766600000000001	0.66264
2019-06-25	1.1412	1.27839	0.66612
2019-06-26	1.13913	1.27073	0.66927
2019-06-27	1.13815	1.27247	0.67018
2019-06-28	1.13934	1.27347	0.6721
2019-07-01	1.1371	1.2705600000000001	0.67267
2019-07-02	1.13217	1.2648	0.66813
2019-07-03	1.13124	1.26001	0.67196
2019-07-04	1.12951	1.2591	0.67203
2019-07-05	1.12876	1.25876	0.66943
2019-07-08	1.12343	1.25397	0.66531
2019-07-09	1.12187	1.25224	0.66315
2019-07-10	1.12642	1.2521	0.6657
2019-07-11	1.12857	1.25713	0.6689
2019-07-12	1.12748	1.25788	0.66985
2019-07-15	1.12838	1.25781	0.67345
2019-07-16	1.12633	1.25204	0.6738
2019-07-17	1.12335	1.24563	0.67465
2019-07-18	1.12805	1.25583	0.67866
2019-07-19	1.1282	1.25563	0.67906
2019-07-22	1.12253	1.2517800000000001	0.6787
2019-07-23	1.12096	1.24818	0.67597
2019-07-24	1.11557	1.25225	0.67234
2019-07-25	1.11878	1.2518	0.67075
2019-07-26	1.11509	1.24593	0.66644
2019-07-29	1.1151	1.23835	0.66415
2019-07-30	1.1161	1.22258	0.66343
2019-07-31	1.1162	1.22496	0.66189
2019-08-01	1.10959	1.21715	0.65774
2019-08-02	1.11163	1.21695	0.65609
2019-08-05	1.12131	1.21884	0.65445
2019-08-06	1.12496	1.22095	0.65894
2019-08-07	1.12417	1.2191	0.65572
2019-08-08	1.1232	1.21827	0.64922
2019-08-09	1.12228	1.21478	0.64988
2019-08-12	1.12306	1.21065	0.64749
2019-08-13	1.12285	1.20977	0.64712
2019-08-14	1.11907	1.21009	0.64686
2019-08-15	1.11584	1.21508	0.64594
2019-08-16	1.11121	1.21755	0.64472
2019-08-19	1.11137	1.21729	0.64409
2019-08-20	1.11067	1.21799	0.64298
2019-08-21	1.11071	1.21751	0.64226
2019-08-22	1.11131	1.2273	0.64078
2019-08-23	1.11533	1.22933	0.64096
2019-08-26	1.11638	1.22857	0.64035
2019-08-27	1.1116	1.2309700000000001	0.63979
2019-08-28	1.10978	1.22907	0.63663
2019-08-29	1.10935	1.22326	0.63473
2019-08-30	1.10602	1.22263	0.63204
2019-09-02	1.09967	1.21746	0.63185
2019-09-03	1.09787	1.21056	0.63391
2019-09-04	1.10383	1.22567	0.63645
2019-09-05	1.10847	1.23536	0.63956
2019-09-06	1.10571	1.23432	0.64438
2019-09-09	1.10681	1.23854	0.64445
2019-09-10	1.10594	1.23801	0.64418
2019-09-11	1.10555	1.23709	0.64394
2019-09-12	1.10873	1.23667	0.64505
2019-09-13	1.11093	1.2505600000000001	0.641
2019-09-16	1.10863	1.25027	0.63916
2019-09-17	1.10744	1.2527300000000001	0.63589
2019-09-18	1.10755	1.2511999999999999	0.6362
2019-09-19	1.10734	1.25601	0.63327
2019-09-20	1.10676	1.25821	0.63049
2019-09-23	1.10254	1.24906	0.6299
2019-09-24	1.1024	1.2502900000000001	0.63314
2019-09-25	1.10226	1.24977	0.63487
2019-09-26	1.09673	1.23804	0.63269
2019-09-27	1.09585	1.23363	0.63098
2019-09-30	1.09477	1.23464	0.62947
2019-10-01	1.09428	1.23393	0.62717
2019-10-02	1.09635	1.23243	0.6272
2019-10-03	1.09992	1.2413	0.63163
2019-10-04	1.09988	1.2357	0.63376
2019-10-07	1.10005	1.23365	0.63217
2019-10-08	1.0996	1.23023	0.63269
2019-10-09	1.09901	1.22916	0.63249
2019-10-10	1.10341	1.24693	0.6335
2019-10-11	1.10627	1.27073	0.63542
2019-10-14	1.10429	1.26495	0.63352
2019-10-15	1.1046	1.28003	0.63146
2019-10-16	1.10854	1.28779	0.63188
2019-10-17	1.11397	1.29901	0.63551
2019-10-18	1.11706	1.29642	0.63903
2019-10-21	1.11793	1.3012299999999999	0.64162
2019-10-22	1.11568	1.3000099999999999	0.64357
2019-10-23	1.11404	1.29218	0.64264
2019-10-24	1.11626	1.295	0.64247
2019-10-25	1.1123	1.2863	0.63841
2019-10-28	1.11065	1.28762	0.63598
2019-10-29	1.11187	1.2905	0.63755
2019-10-30	1.11515	1.29075	0.63912
2019-10-31	1.11756	1.29756	0.6433
2019-11-01	1.11717	1.29726	0.64564
2019-11-04	1.11753	1.29424	0.64656
2019-11-05	1.114	1.2917399999999999	0.64311
2019-11-06	1.10928	1.2897	0.6389
2019-11-07	1.10916	1.28778	0.63862
2019-11-08	1.10553	1.28229	0.63818
2019-11-11	1.1043	1.28983	0.63724
2019-11-12	1.10386	1.2873999999999999	0.63679
2019-11-13	1.10202	1.28624	0.64181
2019-11-14	1.10275	1.28882	0.64188
2019-11-15	1.10568	1.2919	0.64099
2019-11-18	1.10898	1.29857	0.64119
2019-11-19	1.10839	1.29698	0.64315
2019-11-20	1.10813	1.29305	0.64358
2019-11-21	1.10969	1.29701	0.64373
2019-11-22	1.10873	1.2928600000000001	0.64252
2019-11-25	1.10321	1.29119	0.64284
2019-11-26	1.10255	1.29041	0.64312
2019-11-27	1.10245	1.29196	0.64332
2019-11-28	1.10178	1.2951	0.64303
2019-11-29	1.10283	1.29424	0.6438
2019-12-02	1.1091	1.29492	0.6511
2019-12-03	1.10934	1.3012000000000001	0.65334
2019-12-04	1.11162	1.31206	0.65406
2019-12-05	1.1108	1.31662	0.65622
2019-12-06	1.11097	1.31654	0.6576
2019-12-09	1.10779	1.31811	0.65674
2019-12-10	1.10977	1.32151	0.65679
2019-12-11	1.11448	1.3213300000000001	0.66032
2019-12-12	1.11543	1.3229600000000001	0.66005
2019-12-13	1.11995	1.3514300000000001	0.66359
2019-12-16	1.11581	1.34223	0.66142
2019-12-17	1.11746	1.33361	0.66051
2019-12-18	1.11542	1.3134299999999999	0.66139
2019-12-19	1.11442	1.31333	0.66087
2019-12-20	1.11247	1.30793	0.66138
2019-12-23	1.10958	1.3032	0.66389
2019-12-24	1.10938	1.2971	0.66482
2019-12-26	1.11088	1.30163	0.66766
2019-12-27	1.1188	1.31174	0.67106
2019-12-30	1.12207	1.31505	0.67365
2019-12-31	1.12391	1.32843	0.67556
2020-01-02	1.12246	1.3266499999999999	0.67392
2020-01-03	1.11798	1.31601	0.67025
2020-01-06	1.12054	1.31746	0.668
2020-01-07	1.11975	1.32124	0.66791
2020-01-08	1.11681	1.31698	0.66724
2020-01-09	1.11203	1.31236	0.66583
2020-01-10	1.1129	1.30971	0.6645
2020-01-13	1.11469	1.30453	0.66527
2020-01-14	1.11444	1.30332	0.66339
2020-01-15	1.11634	1.30424	0.66206
2020-01-16	1.11727	1.3082799999999999	0.66651
2020-01-17	1.11424	1.3118699999999999	0.66506
2020-01-20	1.11023	1.30137	0.66242
2020-01-21	1.1118	1.30833	0.66149
2020-01-22	1.10983	1.31528	0.66106
2020-01-23	1.1108500000000001	1.31509	0.66242
2020-01-24	1.10619	1.3175	0.66292
2020-01-27	1.10375	1.31052	0.65968
2020-01-28	1.10253	1.30648	0.65503
2020-01-29	1.10276	1.3029600000000001	0.65476
2020-01-30	1.10393	1.3109899999999999	0.653
2020-01-31	1.10953	1.3209	0.64951
2020-02-03	1.10923	1.3184	0.6477
2020-02-04	1.10641	1.30465	0.65012
2020-02-05	1.10478	1.307	0.65029
2020-02-06	1.10138	1.30009	0.64838
2020-02-07	1.09848	1.29593	0.64643
2020-02-10	1.09574	1.29462	0.64172
2020-02-11	1.0924800000000001	1.29681	0.64211
2020-02-12	1.09255	1.29913	0.64874
2020-02-13	1.08888	1.30695	0.64666
2020-02-14	1.08611	1.30632	0.6444
2020-02-17	1.08509	1.30537	0.64475
2020-02-18	1.08377	1.30488	0.64415
2020-02-19	1.08117	1.30231	0.64107
2020-02-20	1.08211	1.29284	0.63947
2020-02-21	1.08635	1.29809	0.63569
2020-02-24	1.08721	1.29547	0.63561
2020-02-25	1.08902	1.3018	0.63584
2020-02-26	1.09086	1.3007900000000001	0.63226
2020-02-27	1.10065	1.29463	0.63346
2020-02-28	1.10531	1.29197	0.63185
2020-03-02	1.11846	1.28506	0.62788
2020-03-03	1.12138	1.28442	0.63255
2020-03-04	1.11875	1.28724	0.63056
2020-03-05	1.12447	1.29681	0.6334
2020-03-06	1.13547	1.30523	0.63725
2020-03-09	1.14968	1.32	0.64481
2020-03-10	1.14578	1.31208	0.63595
2020-03-11	1.13665	1.29766	0.63424
2020-03-12	1.13334	1.2848899999999999	0.6276
2020-03-13	1.12213	1.26246	0.61603
2020-03-16	1.12367	1.24235	0.61511
2020-03-17	1.11892	1.22728	0.60967
2020-03-18	1.10452	1.21301	0.59682
2020-03-19	1.0982	1.1793	0.59175
2020-03-20	1.0831	1.19333	0.58815
2020-03-23	1.08281	1.17137	0.57382
2020-03-24	1.0888	1.18	0.58398
2020-03-25	1.0894	1.19732	0.5912
2020-03-26	1.10589	1.2229700000000001	0.59884
2020-03-27	1.11475	1.24854	0.60696
2020-03-30	1.11442	1.24671	0.60632
2020-03-31	1.10561	1.2473	0.60386
2020-04-01	1.10391	1.2445599999999999	0.59821
2020-04-02	1.09685	1.2475100000000001	0.59734
2020-04-03	1.08642	1.24041	0.59229
2020-04-06	1.08354	1.23271	0.59636
2020-04-07	1.09269	1.23844	0.60155
2020-04-08	1.09019	1.24201	0.60312
2020-04-09	1.09516	1.24837	0.60964
2020-04-10	1.09523	1.24866	0.61028
2020-04-13	1.09677	1.25366	0.6112
2020-04-14	1.09871	1.26477	0.61309
2020-04-15	1.09909	1.26304	0.61087
2020-04-16	1.09113	1.25268	0.59993
2020-04-17	1.08925	1.25227	0.60513
2020-04-20	1.08967	1.25	0.6092
2020-04-21	1.08802	1.24444	0.60447
2020-04-22	1.08853	1.23858	0.60038
2020-04-23	1.08468	1.24148	0.60418
2020-04-24	1.08259	1.23767	0.60197
2020-04-27	1.08601	1.2454399999999999	0.6075
2020-04-28	1.08884	1.2517800000000001	0.60731
2020-04-29	1.08855	1.24852	0.61339
2020-04-30	1.09727	1.26432	0.6176
2020-05-01	1.1019	1.26	0.61256
2020-05-04	1.09744	1.24844	0.606
2020-05-05	1.0925799999999999	1.24838	0.60769
2020-05-06	1.08455	1.24498	0.60732
2020-05-07	1.0834	1.2417799999999999	0.60921
2020-05-08	1.08753	1.24672	0.6148
2020-05-11	1.08505	1.24377	0.61559
2020-05-12	1.0885	1.23774	0.61236
2020-05-13	1.08964	1.23394	0.60983
2020-05-14	1.08237	1.22414	0.60043
2020-05-15	1.08512	1.22387	0.60162
2020-05-18	1.09269	1.22272	0.60436
2020-05-19	1.09759	1.22962	0.61194
2020-05-20	1.09989	1.22874	0.61577
2020-05-21	1.10083	1.22493	0.61496
2020-05-22	1.09535	1.22337	0.61297
2020-05-25	1.09144	1.22033	0.61082
2020-05-26	1.09956	1.23627	0.62285
2020-05-27	1.10307	1.23541	0.62323
2020-05-28	1.10933	1.23445	0.62283
2020-05-29	1.11449	1.23936	0.624
2020-06-01	1.1154	1.25062	0.62989
2020-06-02	1.11958	1.25756	0.63713
2020-06-03	1.12576	1.26154	0.64437
2020-06-04	1.13621	1.26332	0.64779
2020-06-05	1.13839	1.27307	0.65279
2020-06-08	1.13197	1.27358	0.65671
2020-06-09	1.13638	1.27557	0.65805
2020-06-10	1.14222	1.2812700000000001	0.65845
2020-06-11	1.14034	1.27542	0.65415
2020-06-12	1.13403	1.2652999999999999	0.64769
2020-06-15	1.13324	1.26057	0.64843
2020-06-16	1.13534	1.2687599999999999	0.65067
2020-06-17	1.12939	1.2588300000000001	0.64759
2020-06-18	1.12613	1.2567	0.64776
2020-06-19	1.12542	1.2456	0.64577
2020-06-22	1.12698	1.24765	0.6494
2020-06-23	1.13485	1.25318	0.65333
2020-06-24	1.13257	1.25428	0.65142
2020-06-25	1.12595	1.24642	0.64422
2020-06-26	1.12393	1.24367	0.64503
2020-06-29	1.12877	1.23896	0.64432
2020-06-30	1.12618	1.24016	0.64611
2020-07-01	1.1275	1.249	0.6489
2020-07-02	1.13025	1.25296	0.65366
2020-07-03	1.12516	1.24863	0.65375
2020-07-06	1.13452	1.25201	0.6566
2020-07-07	1.13323	1.25921	0.65803
2020-07-08	1.13516	1.26231	0.65795
2020-07-09	1.13704	1.26691	0.66004
2020-07-10	1.13246	1.26638	0.65882
2020-07-13	1.13747	1.2665899999999999	0.65932
2020-07-14	1.14087	1.25638	0.65438
2020-07-15	1.1452	1.26495	0.65839
2020-07-16	1.14416	1.26245	0.65782
2020-07-17	1.14435	1.2574100000000001	0.65657
2020-07-20	1.14676	1.26653	0.65769
2020-07-21	1.15396	1.27679	0.66496
2020-07-22	1.16012	1.27437	0.66895
2020-07-23	1.16266	1.2759800000000001	0.66895
2020-07-24	1.1658	1.28034	0.66538
2020-07-27	1.17811	1.29028	0.66929
2020-07-28	1.1773500000000001	1.29524	0.67029
2020-07-29	1.18059	1.30132	0.66794
2020-07-30	1.18479	1.31026	0.67014
2020-07-31	1.19087	1.31702	0.67153
2020-08-03	1.17966	1.31127	0.66425
2020-08-04	1.18061	1.31078	0.66265
2020-08-05	1.19047	1.3161100000000001	0.66735
2020-08-06	1.19159	1.31856	0.66893
2020-08-07	1.18828	1.31474	0.66903
2020-08-10	1.18004	1.3103099999999999	0.66117
2020-08-11	1.18078	1.31319	0.66268
2020-08-12	1.1817	1.30676	0.65998
2020-08-13	1.18638	1.31249	0.65985
2020-08-14	1.18502	1.31424	0.65593
2020-08-17	1.18807	1.31215	0.65737
2020-08-18	1.19654	1.32496	0.66091
2020-08-19	1.19526	1.32671	0.6651
2020-08-20	1.18685	1.32241	0.6571
2020-08-21	1.18828	1.32548	0.65492
2020-08-24	1.18495	1.31486	0.65645
2020-08-25	1.18434	1.31703	0.65583
2020-08-26	1.18391	1.32189	0.66228
2020-08-27	1.19019	1.32842	0.66749
2020-08-28	1.19195	1.33563	0.67436
2020-08-31	1.19657	1.33952	0.67634
2020-09-01	1.20113	1.3482	0.67788
2020-09-02	1.19286	1.34026	0.67887
2020-09-03	1.18645	1.33582	0.67729
2020-09-04	1.18653	1.3319	0.67354
2020-09-07	1.18486	1.3262800000000001	0.67222
2020-09-08	1.18273	1.3168199999999999	0.6707
2020-09-09	1.18341	1.30232	0.66872
2020-09-10	1.19175	1.3035	0.67087
2020-09-11	1.1874	1.28659	0.6695
2020-09-14	1.18879	1.29195	0.67177
2020-09-15	1.19005	1.2925900000000001	0.67362
2020-09-16	1.18823	1.30068	0.67591
2020-09-17	1.18522	1.29988	0.67589
2020-09-18	1.18704	1.29995	0.67977
2020-09-21	1.18716	1.29664	0.67783
2020-09-22	1.17734	1.28671	0.66872
2020-09-23	1.1719	1.27768	0.66479
2020-09-24	1.16867	1.27807	0.65616
2020-09-25	1.16848	1.28052	0.65922
2020-09-28	1.16799	1.29298	0.65676
2020-09-29	1.17455	1.29025	0.66026
2020-09-30	1.17551	1.29423	0.6626
2020-10-01	1.17694	1.2979	0.6657
2020-10-02	1.17475	1.29538	0.66549
2020-10-05	1.17973	1.2990599999999999	0.66543
2020-10-06	1.18078	1.3007	0.6658
2020-10-07	1.17816	1.29297	0.66005
2020-10-08	1.17816	1.29705	0.65965
2020-10-09	1.18306	1.30493	0.66729
2020-10-12	1.18268	1.30826	0.66704
2020-10-13	1.18153	1.3068	0.6671
2020-10-14	1.1771	1.30646	0.66822
2020-10-15	1.1757900000000001	1.30297	0.66628
2020-10-16	1.1746	1.29626	0.66194
2020-10-19	1.17936	1.30243	0.66463
2020-10-20	1.18408	1.29794	0.66067
2020-10-21	1.18807	1.31769	0.66772
2020-10-22	1.18668	1.31516	0.66887
2020-10-23	1.18646	1.31223	0.67049
2020-10-26	1.18595	1.3075	0.66972
2020-10-27	1.18386	1.30793	0.67238
2020-10-28	1.17945	1.30634	0.67199
2020-10-29	1.17587	1.30253	0.66596
2020-10-30	1.17041	1.2988	0.66708
2020-11-02	1.16557	1.29428	0.66354
2020-11-03	1.17399	1.30786	0.67177
2020-11-04	1.17708	1.31406	0.6744
2020-11-05	1.18595	1.31547	0.67781
2020-11-06	1.18908	1.31768	0.68024
2020-11-09	1.19198	1.3207900000000001	0.6855
2020-11-10	1.18432	1.32785	0.68398
2020-11-11	1.18327	1.3314599999999999	0.69041
2020-11-12	1.1823299999999999	1.32282	0.69142
2020-11-13	1.18374	1.32001	0.68491
2020-11-16	1.18691	1.32424	0.69068
2020-11-17	1.18936	1.3272300000000001	0.69187
2020-11-18	1.18909	1.33118	0.69449
2020-11-19	1.18824	1.32791	0.6928
2020-11-20	1.18906	1.32971	0.69505
2020-11-23	1.19059	1.33975	0.69677
2020-11-24	1.1896	1.33801	0.70045
2020-11-25	1.19296	1.33935	0.70146
2020-11-26	1.19408	1.33976	0.7014
2020-11-27	1.19629	1.33814	0.70392
2020-11-30	1.20031	1.33853	0.70506
2020-12-01	1.2076500000000001	1.34419	0.70677
2020-12-02	1.21184	1.3440699999999999	0.70844
2020-12-03	1.21745	1.34997	0.71042
2020-12-04	1.21773	1.35397	0.70792
2020-12-07	1.2166299999999999	1.34376	0.70637
2020-12-08	1.2134	1.33931	0.70536
2020-12-09	1.21472	1.34778	0.70942
2020-12-10	1.2159	1.3409	0.70993
2020-12-11	1.21629	1.3324500000000001	0.71136
2020-12-14	1.21767	1.34452	0.712
2020-12-15	1.21688	1.347	0.70983
2020-12-16	1.22126	1.3554	0.71207
2020-12-17	1.2273	1.36247	0.71715
2020-12-18	1.22721	1.35868	0.71523
2020-12-21	1.2253	1.3498700000000001	0.71233
2020-12-22	1.22574	1.34693	0.71058
2020-12-23	1.22213	1.35704	0.71044
2020-12-24	1.2215799999999999	1.36194	0.71175
2020-12-28	1.22505	1.35763	0.71389
2020-12-29	1.2275	1.35226	0.71645
2020-12-30	1.23102	1.36254	0.72117
2020-12-31	1.23094	1.36865	0.72408
2021-01-04	1.23101	1.37038	0.72304
2021-01-05	1.23058	1.36422	0.72594
2021-01-06	1.23495	1.36712	0.73153
2021-01-07	1.23443	1.36333	0.73053
2021-01-08	1.22846	1.36357	0.72811
2021-01-11	1.22278	1.35592	0.72363
2021-01-12	1.22098	1.36701	0.72318
2021-01-13	1.2223	1.3700999999999999	0.72395
2021-01-14	1.21787	1.3711	0.72404
2021-01-15	1.2162600000000001	1.3697599999999999	0.72293
2021-01-18	1.20869	1.35985	0.71394
2021-01-19	1.2145	1.36365	0.71406
2021-01-20	1.21583	1.37187	0.71743
2021-01-21	1.21732	1.37463	0.7223
2021-01-22	1.21895	1.37358	0.72252
2021-01-25	1.21832	1.37236	0.72167
2021-01-26	1.21759	1.37442	0.72474
2021-01-27	1.21696	1.37585	0.72447
2021-01-28	1.21417	1.37458	0.71957
2021-01-29	1.21558	1.37513	0.72257
2021-02-01	1.21364	1.37577	0.7203
2021-02-02	1.20877	1.37104	0.7196
2021-02-03	1.205	1.36833	0.72258
2021-02-04	1.20427	1.36977	0.72251
2021-02-05	1.20498	1.37398	0.72067
2021-02-08	1.20659	1.37491	0.72322
2021-02-09	1.21215	1.38197	0.72542
2021-02-10	1.21439	1.38659	0.72453
2021-02-11	1.21492	1.3859	0.72508
2021-02-12	1.21353	1.38622	0.7233
2021-02-15	1.2145	1.3919000000000001	0.72493
2021-02-16	1.21694	1.3952	0.72682
2021-02-17	1.21071	1.39075	0.72137
2021-02-18	1.20944	1.39859	0.7225
2021-02-19	1.21444	1.40358	0.73146
2021-02-22	1.21693	1.40858	0.73431
2021-02-23	1.21801	1.4117	0.73466
2021-02-24	1.21744	1.42363	0.74546
2021-02-25	1.22428	1.41817	0.74648
2021-02-26	1.21836	1.40262	0.73826
2021-03-01	1.21011	1.3999	0.72924
2021-03-02	1.20943	1.3976899999999999	0.73068
2021-03-03	1.21131	1.40062	0.73042
2021-03-04	1.20662	1.4016899999999999	0.72728
2021-03-05	1.19776	1.39069	0.71941
2021-03-08	1.1932	1.38649	0.71915
2021-03-09	1.19156	1.39254	0.71815
2021-03-10	1.19297	1.39381	0.71993
2021-03-11	1.19899	1.39954	0.72405
2021-03-12	1.19884	1.4005	0.72331
2021-03-15	1.19674	1.39497	0.72161
2021-03-16	1.19517	1.3906	0.72058
2021-03-17	1.19854	1.3970799999999999	0.7264
2021-03-18	1.19888	1.4001299999999999	0.72692
2021-03-19	1.19371	1.39592	0.71878
2021-03-22	1.19468	1.38767	0.7183
2021-03-23	1.19406	1.38644	0.7164
2021-03-24	1.1853	1.37573	0.70087
2021-03-25	1.18276	1.37454	0.6986
2021-03-26	1.18049	1.38123	0.70019
2021-03-29	1.17938	1.38468	0.70179
2021-03-30	1.17737	1.37836	0.70335
2021-03-31	1.17597	1.38117	0.70255
2021-04-01	1.17798	1.38364	0.70262
2021-04-02	1.17863	1.38522	0.70472
2021-04-05	1.18195	1.39134	0.70698
2021-04-06	1.18775	1.3918599999999999	0.70693
2021-04-07	1.19146	1.38397	0.70688
2021-04-08	1.19272	1.37827	0.70618
2021-04-09	1.192	1.37508	0.70656
2021-04-12	1.19189	1.37765	0.70493
2021-04-13	1.19556	1.3768500000000001	0.70597
2021-04-14	1.19873	1.38084	0.715
2021-04-15	1.19932	1.38089	0.71802
2021-04-16	1.19946	1.38407	0.71787
2021-04-19	1.2048	1.39926	0.71982
2021-04-20	1.20797	1.40089	0.72295
2021-04-21	1.20435	1.3949500000000001	0.72183
2021-04-22	1.20694	1.39494	0.72136
2021-04-23	1.20998	1.38953	0.7203
2021-04-26	1.21168	1.39291	0.72432
2021-04-27	1.20927	1.39238	0.72369
2021-04-28	1.21347	1.39504	0.72675
2021-04-29	1.215	1.39765	0.72864
2021-04-30	1.21264	1.39582	0.72545
2021-05-03	1.20758	1.39317	0.72122
2021-05-04	1.2064300000000001	1.39115	0.72046
2021-05-05	1.20267	1.3926	0.72173
2021-05-06	1.20715	1.3940299999999999	0.72387
2021-05-07	1.21713	1.40055	0.72993
2021-05-10	1.21781	1.41581	0.73049
2021-05-11	1.21816	1.4166400000000001	0.72895
2021-05-12	1.2152	1.41528	0.72768
2021-05-13	1.2106	1.4078	0.7194
2021-05-14	1.21475	1.41106	0.72545
2021-05-17	1.2168700000000001	1.41466	0.72504
2021-05-18	1.22337	1.42202	0.72708
2021-05-19	1.22451	1.42007	0.72473
2021-05-20	1.2229	1.41922	0.72165
2021-05-21	1.22397	1.42337	0.7222
2021-05-24	1.22299	1.41715	0.7219
2021-05-25	1.22663	1.42107	0.725
2021-05-26	1.22628	1.41757	0.73164
2021-05-27	1.22151	1.42192	0.73111
2021-05-28	1.22047	1.42083	0.72946
2021-05-31	1.22313	1.42176	0.72834
2021-06-01	1.22543	1.4249100000000001	0.72879
2021-06-02	1.22264	1.41833	0.72726
2021-06-03	1.22141	1.42027	0.72415
2021-06-04	1.21854	1.4200300000000001	0.72157
2021-06-07	1.22017	1.41909	0.72424
2021-06-08	1.2194099999999999	1.41844	0.72326
2021-06-09	1.22178	1.41887	0.72141
2021-06-10	1.21946	1.41781	0.72127
2021-06-11	1.21929	1.41852	0.72101
2021-06-14	1.21302	1.4123700000000001	0.7153
2021-06-15	1.21471	1.41285	0.71605
2021-06-16	1.21347	1.4132500000000001	0.71547
2021-06-17	1.20063	1.40085	0.71026
2021-06-18	1.19249	1.39446	0.70178
2021-06-21	1.19213	1.39367	0.6999
2021-06-22	1.19526	1.39635	0.70359
2021-06-23	1.19701	1.40011	0.70689
2021-06-24	1.19562	1.3986399999999999	0.70734
2021-06-25	1.19751	1.39353	0.70954
2021-06-28	1.19444	1.3939300000000001	0.70863
2021-06-29	1.19296	1.3883	0.70511
2021-06-30	1.1909	1.38727	0.70063
2021-07-01	1.18841	1.38365	0.70101
2021-07-02	1.18742	1.3844400000000001	0.70369
2021-07-05	1.18804	1.38618	0.70337
2021-07-06	1.1895	1.38982	0.71052
2021-07-07	1.18362	1.38416	0.7061
2021-07-08	1.18677	1.3805100000000001	0.70205
2021-07-09	1.1881	1.39009	0.7004
2021-07-12	1.18801	1.391	0.70088
2021-07-13	1.1875	1.39052	0.70096
2021-07-14	1.18387	1.38919	0.70435
2021-07-15	1.18505	1.38989	0.70444
2021-07-16	1.1822300000000001	1.38618	0.70327
2021-07-19	1.18244	1.37744	0.70034
2021-07-20	1.18024	1.36893	0.69539
2021-07-21	1.18047	1.37228	0.69769
2021-07-22	1.18304	1.37872	0.69858
2021-07-23	1.17863	1.37798	0.69924
2021-07-26	1.18171	1.38333	0.70098
2021-07-27	1.1841	1.3893900000000001	0.70057
2021-07-28	1.18494	1.39111	0.69694
2021-07-29	1.18926	1.39816	0.70194
2021-07-30	1.19086	1.39833	0.70213
2021-08-02	1.18967	1.39324	0.6993
2021-08-03	1.18932	1.39387	0.70189
2021-08-04	1.18995	1.39575	0.70883
2021-08-05	1.1857199999999999	1.3948800000000001	0.70734
2021-08-06	1.18353	1.39328	0.70629
2021-08-09	1.17689	1.38943	0.70259
2021-08-10	1.17427	1.38724	0.70107
2021-08-11	1.17541	1.38876	0.70619
2021-08-12	1.17481	1.38784	0.70472
2021-08-13	1.18047	1.3874900000000001	0.70477
2021-08-16	1.18009	1.3878	0.7044
2021-08-17	1.17846	1.3845100000000001	0.70291
2021-08-18	1.17425	1.3786399999999999	0.69512
2021-08-19	1.17154	1.37588	0.68882
2021-08-20	1.17044	1.36408	0.68426
2021-08-23	1.17502	1.3732	0.69043
2021-08-24	1.1764999999999999	1.37476	0.69657
2021-08-25	1.1774499999999999	1.37668	0.6983
2021-08-26	1.17789	1.37679	0.69766
2021-08-27	1.18024	1.37806	0.70185
2021-08-30	1.18098	1.3775	0.70148
2021-08-31	1.1844999999999999	1.38075	0.70686
2021-09-01	1.18571	1.37981	0.70775
2021-09-02	1.1876	1.38399	0.71197
2021-09-03	1.1909	1.3891499999999999	0.71701
2021-09-06	1.18862	1.38678	0.7159
2021-09-07	1.18851	1.38564	0.71531
2021-09-08	1.1851099999999999	1.3790200000000001	0.71147
2021-09-09	1.18412	1.38625	0.71341
2021-09-10	1.1851	1.38884	0.71564
2021-09-13	1.1817	1.38509	0.71229
2021-09-14	1.18458	1.39128	0.71509
2021-09-15	1.18319	1.38535	0.71184
2021-09-16	1.1820599999999999	1.38525	0.71394
2021-09-17	1.17888	1.38125	0.70874
2021-09-20	1.17363	1.37491	0.7043
2021-09-21	1.17486	1.36929	0.70561
2021-09-22	1.17555	1.36894	0.70559
2021-09-23	1.1750099999999999	1.37506	0.7093
2021-09-24	1.17474	1.3736	0.70804
2021-09-27	1.17259	1.3728799999999999	0.7033
2021-09-28	1.17031	1.37171	0.70268
2021-09-29	1.16899	1.35547	0.69635
2021-09-30	1.16096	1.35172	0.69214
2021-10-01	1.16073	1.35755	0.69507
2021-10-04	1.16399	1.36403	0.69819
2021-10-05	1.16219	1.36477	0.69758
2021-10-06	1.16005	1.36317	0.69796
2021-10-07	1.15721	1.36386	0.69438
2021-10-08	1.15859	1.36584	0.69603
2021-10-11	1.15868	1.3673600000000001	0.69643
2021-10-12	1.15702	1.3637299999999999	0.69696
2021-10-13	1.15972	1.36647	0.69681
2021-10-14	1.16243	1.3734199999999999	0.70415
2021-10-15	1.16185	1.37731	0.70769
2021-10-18	1.16223	1.37652	0.7105
2021-10-19	1.16692	1.38337	0.71721
2021-10-20	1.16585	1.38341	0.72082
2021-10-21	1.1667399999999999	1.3833	0.72184
2021-10-22	1.16556	1.3815	0.71889
2021-10-25	1.1665	1.37917	0.71779
2021-10-26	1.16256	1.38293	0.71937
2021-10-27	1.16259	1.3780700000000001	0.71888
2021-10-28	1.1692	1.3815	0.7217
2021-10-29	1.169	1.38038	0.72071
2021-11-01	1.16089	1.36931	0.71977
2021-11-02	1.16133	1.36706	0.71876
2021-11-03	1.16162	1.36918	0.7173
2021-11-04	1.16164	1.36981	0.71784
2021-11-05	1.15732	1.35089	0.71272
2021-11-08	1.15949	1.35796	0.71767
2021-11-09	1.16088	1.36073	0.71741
2021-11-10	1.15952	1.35649	0.71324
2021-11-11	1.14875	1.3433	0.70711
2021-11-12	1.14621	1.3426	0.70476
2021-11-15	1.1464	1.34493	0.70803
2021-11-16	1.13856	1.34725	0.70642
2021-11-17	1.1332200000000001	1.34964	0.70203
2021-11-18	1.1374	1.35134	0.70525
2021-11-19	1.13726	1.35097	0.70471
2021-11-22	1.12903	1.34498	0.70134
2021-11-23	1.1274899999999999	1.34094	0.69768
2021-11-24	1.12552	1.33898	0.69568
2021-11-25	1.12297	1.33533	0.68935
2021-11-26	1.13289	1.33598	0.68565
2021-11-29	1.13153	1.33629	0.68391
2021-11-30	1.13828	1.33703	0.68559
2021-12-01	1.13596	1.33518	0.68675
2021-12-02	1.13477	1.33335	0.68308
2021-12-03	1.13336	1.33097	0.68217
2021-12-06	1.1312	1.32863	0.67636
2021-12-07	1.12982	1.32891	0.67926
2021-12-08	1.13548	1.32611	0.68186
2021-12-09	1.13451	1.32223	0.68228
2021-12-10	1.13241	1.32757	0.68069
2021-12-13	1.13192	1.3268499999999999	0.6801
2021-12-14	1.1323699999999999	1.32568	0.67707
2021-12-15	1.12991	1.32826	0.67879
2021-12-16	1.13602	1.33743	0.68337
2021-12-17	1.1348799999999999	1.33391	0.68019
2021-12-20	1.13039	1.3245	0.67432
2021-12-21	1.13026	1.32706	0.67733
2021-12-22	1.13422	1.33629	0.6822
2021-12-23	1.13421	1.3437700000000001	0.68416
2021-12-24	1.13436	1.34192	0.68337
2021-12-27	1.13345	1.34448	0.68255
2021-12-28	1.1333199999999999	1.3461400000000001	0.68285
2021-12-29	1.13687	1.34994	0.68422
2021-12-30	1.13599	1.35218	0.68568
2021-12-31	1.13863	1.3550200000000001	0.68518
2022-01-03	1.1378300000000001	1.35349	0.68561
2022-01-04	1.13225	1.35576	0.68243
2022-01-05	1.13466	1.35984	0.6837
2022-01-06	1.13318	1.35588	0.67972
2022-01-07	1.13646	1.3597299999999999	0.67809
2022-01-10	1.13607	1.36036	0.67836
2022-01-11	1.13755	1.36362	0.67907
2022-01-12	1.14527	1.3713899999999999	0.68573
2022-01-13	1.14816	1.37486	0.68906
2022-01-14	1.14828	1.37431	0.68735
2022-01-17	1.1434199999999999	1.36896	0.68181
2022-01-18	1.14216	1.36613	0.68077
2022-01-19	1.13569	1.36487	0.68114
2022-01-20	1.1368800000000001	1.36616	0.68056
2022-01-21	1.13597	1.36021	0.67588
2022-01-24	1.13449	1.35653	0.67275
2022-01-25	1.13282	1.35187	0.67102
2022-01-26	1.13108	1.35243	0.67018
2022-01-27	1.12432	1.34679	0.66604
2022-01-28	1.11736	1.34326	0.65888
2022-01-31	1.12477	1.34601	0.65968
2022-02-01	1.12786	1.35279	0.66473
2022-02-02	1.13305	1.35872	0.66619
2022-02-03	1.14513	1.36277	0.66812
2022-02-04	1.14836	1.36148	0.66832
2022-02-07	1.14629	1.35513	0.66413
2022-02-08	1.14486	1.35637	0.66536
2022-02-09	1.14478	1.35894	0.66977
2022-02-10	1.1494900000000001	1.36436	0.67323
2022-02-11	1.14302	1.36096	0.66934
2022-02-14	1.1369	1.35717	0.66517
2022-02-15	1.13682	1.3566799999999999	0.66484
2022-02-16	1.13956	1.36009	0.66913
2022-02-17	1.13859	1.3638	0.67174
2022-02-18	1.1377	1.36426	0.67293
2022-02-21	1.13906	1.36384	0.67336
2022-02-22	1.13669	1.36046	0.67546
2022-02-23	1.13588	1.3620700000000001	0.68092
2022-02-24	1.13089	1.35492	0.6776
2022-02-25	1.1274	1.34385	0.6751
2022-02-28	1.12466	1.3431600000000001	0.67771
2022-03-01	1.1233	1.34375	0.67907
2022-03-02	1.11436	1.3406799999999999	0.67994
2022-03-03	1.11213	1.34177	0.68093
2022-03-04	1.10681	1.33535	0.68719
2022-03-07	1.09324	1.32378	0.69256
2022-03-08	1.09582	1.31444	0.68504
2022-03-09	1.10953	1.31897	0.68522
2022-03-10	1.11212	1.31947	0.68744
2022-03-11	1.10434	1.31249	0.68748
2022-03-14	1.09938	1.30792	0.68145
2022-03-15	1.10198	1.30885	0.67922
2022-03-16	1.10469	1.31562	0.68444
2022-03-17	1.11375	1.3211300000000001	0.68989
2022-03-18	1.11185	1.31968	0.6913
2022-03-21	1.10701	1.32099	0.69229
2022-03-22	1.10457	1.32736	0.69655
2022-03-23	1.10437	1.32986	0.69886
2022-03-24	1.10137	1.32142	0.69774
2022-03-25	1.10379	1.32248	0.69871
2022-03-28	1.09996	1.31852	0.69634
2022-03-29	1.1137	1.31596	0.69455
2022-03-30	1.11709	1.31825	0.69984
2022-03-31	1.11848	1.31753	0.69779
2022-04-01	1.10758	1.31515	0.69478
2022-04-04	1.10542	1.3136999999999999	0.6968
2022-04-05	1.09885	1.31668	0.70339
2022-04-06	1.0937999999999999	1.31081	0.6967
2022-04-07	1.09383	1.31064	0.69252
2022-04-08	1.08921	1.30836	0.68963
2022-04-11	1.09332	1.30567	0.6855
2022-04-12	1.09036	1.30537	0.68893
2022-04-13	1.08941	1.31172	0.69014
2022-04-14	1.09232	1.31473	0.68338
2022-04-15	1.08306	1.30776	0.67957
2022-04-18	1.08215	1.30645	0.67763
2022-04-19	1.0814300000000001	1.30406	0.67639
2022-04-20	1.08668	1.3070599999999999	0.68131
2022-04-21	1.09363	1.30903	0.681
2022-04-22	1.08518	1.30353	0.67364
2022-04-25	1.08149	1.28387	0.66386
2022-04-26	1.07387	1.27724	0.66451
2022-04-27	1.06548	1.26017	0.65907
2022-04-28	1.05646	1.25699	0.65434
2022-04-29	1.05927	1.26145	0.65428
2022-05-02	1.05682	1.25973	0.64736
2022-05-03	1.05775	1.25672	0.64756
2022-05-04	1.0631	1.26379	0.6556
2022-05-05	1.06418	1.26338	0.65686
2022-05-06	1.05986	1.23803	0.64575
2022-05-09	1.05923	1.24061	0.64125
2022-05-10	1.05851	1.23757	0.63479
2022-05-11	1.0577	1.24	0.63798
2022-05-12	1.0529	1.22527	0.62996
2022-05-13	1.04195	1.22608	0.62897
2022-05-16	1.04428	1.23295	0.63201
2022-05-17	1.05558	1.24987	0.63756
2022-05-18	1.05639	1.25009	0.63699
2022-05-19	1.06071	1.25245	0.64169
2022-05-20	1.0599	1.24999	0.64142
2022-05-23	1.06973	1.26011	0.64916
2022-05-24	1.07487	1.2598500000000001	0.64718
2022-05-25	1.07388	1.25907	0.65143
2022-05-26	1.0731600000000001	1.26208	0.65
2022-05-27	1.07652	1.26668	0.65495
2022-05-30	1.07868	1.26602	0.65603
2022-05-31	1.0779	1.26548	0.6564
2022-06-01	1.07389	1.26166	0.654
2022-06-02	1.075	1.25865	0.65646
2022-06-03	1.07643	1.25897	0.6576
2022-06-06	1.07517	1.25776	0.65366
2022-06-07	1.07141	1.25994	0.64991
2022-06-08	1.07484	1.25973	0.64917
2022-06-09	1.07737	1.2558500000000001	0.64609
2022-06-10	1.06422	1.25176	0.64349
2022-06-13	1.052	1.23189	0.635
2022-06-14	1.04847	1.2208	0.62934
2022-06-15	1.05077	1.22048	0.63128
2022-06-16	1.0601099999999999	1.24069	0.63953
2022-06-17	1.05602	1.23605	0.63704
2022-06-20	1.05456	1.22803	0.6364
2022-06-21	1.05823	1.23249	0.63634
2022-06-22	1.06055	1.23146	0.63332
2022-06-23	1.05812	1.22945	0.63103
2022-06-24	1.0571	1.23205	0.6327
2022-06-27	1.06149	1.23323	0.63264
2022-06-28	1.0606	1.22915	0.63134
2022-06-29	1.05352	1.2213	0.62596
2022-06-30	1.0489	1.21884	0.62544
2022-07-01	1.04851	1.2174800000000001	0.62466
2022-07-04	1.04626	1.2165300000000001	0.62519
2022-07-05	1.04486	1.21253	0.62265
2022-07-06	1.02768	1.19901	0.61916
2022-07-07	1.02209	1.20296	0.61953
2022-07-08	1.01913	1.20558	0.62069
2022-07-11	1.01833	1.2037	0.61924
2022-07-12	1.00737	1.1916	0.61456
2022-07-13	1.01221	1.19673	0.61716
2022-07-14	1.00592	1.18936	0.61342
2022-07-15	1.00978	1.1874500000000001	0.6177
2022-07-18	1.0201500000000001	1.20335	0.62005
2022-07-19	1.02691	1.20456	0.62401
2022-07-20	1.02731	1.20374	0.6272
2022-07-21	1.0278100000000001	1.20039	0.6254
2022-07-22	1.02551	1.2064	0.6304
2022-07-25	1.0258	1.20865	0.62795
2022-07-26	1.025	1.209	0.62801
2022-07-27	1.0221	1.21863	0.62774
2022-07-28	1.02343	1.21914	0.62975
2022-07-29	1.02542	1.22458	0.63289
2022-08-01	1.02751	1.22936	0.63523
2022-08-02	1.02939	1.2279	0.63431
2022-08-03	1.02102	1.22078	0.62811
2022-08-04	1.02535	1.22149	0.6315
2022-08-05	1.02519	1.2169	0.63093
2022-08-08	1.02216	1.21378	0.63042
2022-08-09	1.02472	1.21301	0.63029
2022-08-10	1.03686	1.22769	0.6434
2022-08-11	1.03643	1.22493	0.64625
2022-08-12	1.03273	1.22165	0.64685
2022-08-15	1.02682	1.21482	0.6456
2022-08-16	1.01947	1.21179	0.63702
2022-08-17	1.02029	1.21428	0.63828
2022-08-18	1.01929	1.20794	0.63129
2022-08-19	1.00953	1.19361	0.62581
2022-08-22	1.00465	1.18366	0.6215
2022-08-23	1.00185	1.1877900000000001	0.62444
2022-08-24	0.99991	1.18376	0.62185
2022-08-25	1.00332	1.18646	0.62508
2022-08-26	1.00902	1.1901	0.62321
2022-08-29	1.00293	1.1743999999999999	0.61674
2022-08-30	1.00547	1.17605	0.61942
2022-08-31	1.0079	1.16936	0.61545
2022-09-01	1.00542	1.16208	0.61269
2022-09-02	1.00335	1.15888	0.61407
2022-09-05	0.9944	1.15213	0.61051
2022-09-06	0.99861	1.16094	0.61283
2022-09-07	1.0011	1.15394	0.60766
2022-09-08	1.00304	1.15608	0.60806
2022-09-09	1.01132	1.16482	0.61521
2022-09-12	1.01977	1.17105	0.61574
2022-09-13	1.01873	1.1738	0.61612
2022-09-14	1.00236	1.15896	0.60247
2022-09-15	1.00181	1.15493	0.60254
2022-09-16	1.00367	1.1480299999999999	0.59942
2022-09-19	1.00292	1.14422	0.60019
2022-09-20	1.00504	1.14609	0.59752
2022-09-21	0.99752	1.13846	0.59108
2022-09-22	0.99072	1.13639	0.58876
2022-09-23	0.98518	1.12738	0.58562
2022-09-26	0.97098	1.09295	0.57547
2022-09-27	0.96711	1.08386	0.57214
2022-09-28	0.9751	1.09157	0.57331
2022-09-29	0.9815	1.11195	0.57354
2022-09-30	0.98538	1.12343	0.57505
2022-10-03	0.98446	1.13346	0.57307
2022-10-04	0.99995	1.14896	0.57581
2022-10-05	0.99949	1.14956	0.58054
2022-10-06	0.99265	1.13833	0.58136
2022-10-07	0.98168	1.12252	0.56734
2022-10-10	0.97531	1.11112	0.56293
2022-10-11	0.97747	1.11799	0.56567
2022-10-12	0.97347	1.1134	0.56322
2022-10-13	0.98059	1.13807	0.56546
2022-10-14	0.98086	1.13665	0.56816
2022-10-17	0.9852	1.14397	0.56492
2022-10-18	0.98755	1.1411	0.57194
2022-10-19	0.98722	1.13574	0.57073
2022-10-20	0.98455	1.13367	0.57417
2022-10-21	0.98689	1.1314899999999999	0.57706
2022-10-24	0.98991	1.14081	0.57922
2022-10-25	0.99768	1.14996	0.57797
2022-10-26	1.00887	1.16389	0.58449
2022-10-27	1.00937	1.16458	0.58701
2022-10-28	0.99982	1.16239	0.58732
2022-10-31	0.99655	1.16133	0.58351
2022-11-01	0.9954	1.15661	0.59023
2022-11-02	0.99761	1.15649	0.59421
2022-11-03	0.98395	1.1421999999999999	0.58383
2022-11-04	0.99665	1.13823	0.59365
2022-11-07	1.00343	1.15416	0.59455
2022-11-08	1.00963	1.15991	0.59996
2022-11-09	1.00881	1.15671	0.59688
2022-11-10	1.02219	1.17313	0.60403
2022-11-11	1.03642	1.18548	0.61297
2022-11-14	1.03585	1.18289	0.61216
2022-11-15	1.04818	1.20288	0.62032
2022-11-16	1.04385	1.19421	0.61936
2022-11-17	1.04066	1.19579	0.61681
2022-11-18	1.03962	1.19508	0.62061
2022-11-21	1.03331	1.18957	0.61688
2022-11-22	1.03079	1.19027	0.61629
2022-11-23	1.04051	1.20811	0.62496
2022-11-24	1.04485	1.21537	0.62891
2022-11-25	1.04292	1.21276	0.62773
2022-11-28	1.04969	1.21181	0.62444
2022-11-29	1.03944	1.20642	0.62533
2022-11-30	1.04288	1.2086999999999999	0.63128
2022-12-01	1.05339	1.23114	0.63996
2022-12-02	1.05449	1.22999	0.64139
2022-12-05	1.05949	1.23446	0.64424
2022-12-06	1.05327	1.22694	0.63542
2022-12-07	1.05495	1.22345	0.63839
2022-12-08	1.05651	1.22473	0.63889
2022-12-09	1.05882	1.23226	0.64272
2022-12-12	1.058	1.2299	0.64217
2022-12-13	1.06734	1.24437	0.65137
2022-12-14	1.06952	1.24467	0.64696
2022-12-15	1.07363	1.24269	0.64635
2022-12-16	1.06631	1.2223	0.63955
2022-12-19	1.06579	1.2242	0.64092
2022-12-20	1.06585	1.22232	0.63959
2022-12-21	1.06456	1.21926	0.63505
2022-12-22	1.06593	1.21472	0.633
2022-12-23	1.06328	1.20902	0.63044
2022-12-26	1.06364	1.20746	0.62983
2022-12-27	1.06694	1.21124	0.6318
2022-12-28	1.06743	1.21258	0.63551
2022-12-29	1.06903	1.20786	0.63573
2022-12-30	1.0713	1.21076	0.63724
2023-01-02	1.07076	1.20901	0.63413
2023-01-03	1.06835	1.20851	0.63615
2023-01-04	1.06356	1.20874	0.63526
2023-01-05	1.06315	1.2078	0.63088
2023-01-06	1.06481	1.20993	0.63598
2023-01-09	1.07607	1.22101	0.64113
2023-01-10	1.07592	1.2198	0.63893
2023-01-11	1.07762	1.2178200000000001	0.63881
2023-01-12	1.0867	1.22468	0.64173
2023-01-13	1.08678	1.2248999999999999	0.64151
2023-01-16	1.08743	1.22889	0.64263
2023-01-17	1.08693	1.23003	0.64374
2023-01-18	1.08873	1.24359	0.65299
2023-01-19	1.08399	1.23973	0.64486
2023-01-20	1.08588	1.24045	0.6477
2023-01-23	1.09268	1.24478	0.64992
2023-01-24	1.08979	1.24138	0.65249
2023-01-25	1.09236	1.24038	0.65043
2023-01-26	1.09294	1.24304	0.6514
2023-01-27	1.09002	1.24187	0.65115
2023-01-30	1.0913599999999999	1.24173	0.65079
2023-01-31	1.08749	1.23712	0.6479
2023-02-01	1.1001	1.23944	0.65066
2023-02-02	1.1033	1.24018	0.65378
2023-02-03	1.09401	1.22654	0.64811
2023-02-06	1.07989	1.20773	0.63343
2023-02-07	1.0766499999999999	1.20954	0.63591
2023-02-08	1.07606	1.21096	0.63482
2023-02-09	1.07908	1.21939	0.63893
2023-02-10	1.07527	1.2139199999999999	0.6346
2023-02-13	1.07298	1.2152	0.63658
2023-02-14	1.08047	1.22696	0.639
2023-02-15	1.07444	1.21816	0.63378
2023-02-16	1.07223	1.20743	0.63091
2023-02-17	1.06985	1.2049	0.62558
2023-02-20	1.07047	1.20569	0.62622
2023-02-21	1.06981	1.21478	0.62613
2023-02-22	1.06637	1.21353	0.62514
2023-02-23	1.06275	1.2074799999999999	0.62508
2023-02-24	1.0614	1.2042	0.62438
2023-02-27	1.06197	1.2066	0.61797
2023-02-28	1.06454	1.21431	0.62078
2023-03-01	1.06914	1.20892	0.62755
2023-03-02	1.06729	1.20364	0.6257
2023-03-03	1.06387	1.20486	0.62412
2023-03-06	1.06945	1.20489	0.62254
2023-03-07	1.06945	1.20651	0.62217
2023-03-08	1.05739	1.18591	0.61377
2023-03-09	1.0591	1.19387	0.61508
2023-03-10	1.07005	1.21133	0.61769
2023-03-13	1.07483	1.21997	0.62642
2023-03-14	1.07494	1.22035	0.62476
2023-03-15	1.07598	1.21818	0.62644
2023-03-16	1.06353	1.21279	0.61965
2023-03-17	1.0685	1.22006	0.6277
2023-03-20	1.07309	1.22854	0.62814
2023-03-21	1.07887	1.22826	0.62488
2023-03-22	1.09123	1.2335099999999999	0.62826
2023-03-23	1.09299	1.23435	0.62942
2023-03-24	1.08385	1.22923	0.62534
2023-03-27	1.08	1.22932	0.62117
2023-03-28	1.08484	1.2349	0.62548
2023-03-29	1.08715	1.23615	0.62707
2023-03-30	1.0926	1.23929	0.6266
2023-03-31	1.09256	1.2423	0.62972
2023-04-03	1.09164	1.24232	0.62997
2023-04-04	1.09733	1.25251	0.63148
2023-04-05	1.09696	1.2514	0.63796
2023-04-06	1.09374	1.24868	0.63243
2023-04-07	1.09241	1.24558	0.62701
2023-04-10	1.09171	1.24424	0.62561
2023-04-11	1.09279	1.24563	0.62336
2023-04-12	1.10002	1.24953	0.62417
2023-04-13	1.10676	1.25372	0.63146
2023-04-14	1.10757	1.25465	0.63146
2023-04-17	1.09996	1.2438	0.62113
2023-04-18	1.09828	1.24495	0.62243
2023-04-19	1.09839	1.24741	0.62257
2023-04-20	1.09899	1.24678	0.62059
2023-04-21	1.09935	1.24478	0.61798
2023-04-24	1.10501	1.24859	0.61681
2023-04-25	1.10669	1.25072	0.61872
2023-04-26	1.10956	1.25153	0.61485
2023-04-27	1.10633	1.24992	0.61605
2023-04-28	1.10448	1.25837	0.6187
2023-05-01	1.10356	1.25691	0.61994
2023-05-02	1.10078	1.25121	0.62179
2023-05-03	1.10914	1.25899	0.62607
2023-05-04	1.10916	1.2598500000000001	0.62981
2023-05-05	1.10477	1.26522	0.63157
2023-05-08	1.10534	1.2668599999999999	0.63591
2023-05-09	1.10054	1.26395	0.63485
2023-05-10	1.10066	1.26798	0.63808
2023-05-11	1.09979	1.26407	0.63843
2023-05-12	1.09356	1.25406	0.62998
2023-05-15	1.08907	1.2534399999999999	0.62426
2023-05-16	1.09047	1.25462	0.62594
2023-05-17	1.0873599999999999	1.25101	0.62728
2023-05-18	1.08479	1.24926	0.62689
2023-05-19	1.08287	1.2484	0.63052
2023-05-22	1.08314	1.24721	0.6292
2023-05-23	1.0820400000000001	1.24464	0.63026
2023-05-24	1.08011	1.24694	0.62563
2023-05-25	1.07566	1.2387	0.61134
2023-05-26	1.07583	1.2395100000000001	0.6096
2023-05-29	1.07434	1.23719	0.60705
2023-05-30	1.07465	1.24464	0.60664
2023-05-31	1.07357	1.24439	0.60493
2023-06-01	1.07685	1.2539500000000001	0.60769
2023-06-02	1.07789	1.25447	0.61108
2023-06-05	1.07223	1.24479	0.6085
2023-06-06	1.07328	1.24588	0.61
2023-06-07	1.07399	1.24999	0.6097
2023-06-08	1.07868	1.2560799999999999	0.6099
2023-06-09	1.07851	1.259	0.61388
2023-06-12	1.07902	1.25995	0.61526
2023-06-13	1.08232	1.26247	0.61777
2023-06-14	1.0864	1.2699099999999999	0.62358
2023-06-15	1.09524	1.27854	0.62426
2023-06-16	1.09706	1.28481	0.62475
2023-06-19	1.09462	1.28368	0.62363
2023-06-20	1.09461	1.2806199999999999	0.62054
2023-06-21	1.09907	1.2802	0.62174
2023-06-22	1.10122	1.28368	0.62225
2023-06-23	1.09585	1.27496	0.61907
2023-06-26	1.09201	1.2748300000000001	0.61768
2023-06-27	1.09765	1.27592	0.62005
2023-06-28	1.09627	1.27515	0.61653
2023-06-29	1.09414	1.26666	0.61016
2023-06-30	1.09315	1.27274	0.61414
2023-07-03	1.09337	1.27229	0.61702
2023-07-04	1.09162	1.2738800000000001	0.62126
2023-07-05	1.09078	1.2735	0.62066
2023-07-06	1.09004	1.27807	0.62191
2023-07-07	1.09732	1.28491	0.62193
2023-07-10	1.1001400000000001	1.2868	0.62177
2023-07-11	1.1027	1.29346	0.62247
2023-07-12	1.11402	1.30004	0.63082
2023-07-13	1.1228	1.3140800000000001	0.63951
2023-07-14	1.12446	1.31419	0.64116
2023-07-17	1.12487	1.31087	0.63687
2023-07-18	1.12758	1.31256	0.63437
2023-07-19	1.124	1.30413	0.63148
2023-07-20	1.1229	1.29641	0.63076
2023-07-21	1.11449	1.29037	0.62403
2023-07-24	1.11468	1.28834	0.62148
2023-07-25	1.10866	1.29046	0.62298
2023-07-26	1.11063	1.2960099999999999	0.62344
2023-07-27	1.1149499999999999	1.29954	0.62733
2023-07-28	1.10473	1.28878	0.61931
2023-07-31	1.10457	1.28722	0.62252
2023-08-01	1.10026	1.2840799999999999	0.62167
2023-08-02	1.10189	1.28044	0.61688
2023-08-03	1.09626	1.27276	0.60971
2023-08-04	1.10417	1.27919	0.61328
2023-08-07	1.10143	1.27887	0.61168
2023-08-08	1.10109	1.27851	0.61097
2023-08-09	1.09954	1.27817	0.60944
2023-08-10	1.10651	1.2818399999999999	0.61178
2023-08-11	1.10048	1.27382	0.60282
2023-08-14	1.09599	1.27146	0.59916
2023-08-15	1.09521	1.27522	0.59965
2023-08-16	1.09346	1.2766199999999999	0.59928
2023-08-17	1.09181	1.27872	0.59636
2023-08-18	1.08937	1.27656	0.59465
2023-08-21	1.09135	1.27667	0.59337
2023-08-22	1.09303	1.2800099999999999	0.59716
2023-08-23	1.08713	1.27645	0.59848
2023-08-24	1.08765	1.27284	0.59796
2023-08-25	1.08417	1.26544	0.59424
2023-08-28	1.08221	1.26106	0.59253
2023-08-29	1.08918	1.26544	0.59775
2023-08-30	1.09454	1.27461	0.60063
2023-08-31	1.09393	1.27339	0.59768
2023-09-01	1.08823	1.27127	0.60149
2023-09-04	1.08087	1.26422	0.59607
2023-09-05	1.07982	1.26314	0.59427
2023-09-06	1.07487	1.25873	0.59037
2023-09-07	1.07317	1.25077	0.58941
2023-09-08	1.07437	1.25139	0.59175
2023-09-11	1.07592	1.2548	0.59345
2023-09-12	1.07688	1.2530000000000001	0.59222
2023-09-13	1.07647	1.25113	0.59267
2023-09-14	1.07521	1.25058	0.59448
2023-09-15	1.06877	1.2445599999999999	0.59372
2023-09-18	1.06986	1.24103	0.59209
2023-09-19	1.07179	1.24246	0.59475
2023-09-20	1.07367	1.2421	0.59851
2023-09-21	1.06734	1.23459	0.5951
2023-09-22	1.0671599999999999	1.22942	0.59886
2023-09-25	1.06552	1.22499	0.5974
2023-09-26	1.06088	1.22153	0.59733
2023-09-27	1.05739	1.21639	0.59566
2023-09-28	1.05787	1.22243	0.5973
2023-09-29	1.06168	1.22716	0.60486
2023-10-02	1.05918	1.22197	0.60077
2023-10-03	1.04933	1.2101600000000001	0.59545
2023-10-04	1.05321	1.21766	0.59249
2023-10-05	1.05516	1.21957	0.59674
2023-10-06	1.05998	1.2261	0.60033
2023-10-09	1.05743	1.22441	0.60275
2023-10-10	1.06197	1.22913	0.60487
2023-10-11	1.06346	1.23372	0.60553
2023-10-12	1.06396	1.23313	0.60254
2023-10-13	1.05584	1.22251	0.59293
2023-10-16	1.05628	1.22192	0.59293
2023-10-17	1.05948	1.22163	0.59291
2023-10-18	1.05941	1.22108	0.59194
2023-10-19	1.06166	1.21916	0.58663
2023-10-20	1.06036	1.21702	0.58505
2023-10-23	1.06779	1.22582	0.58573
2023-10-24	1.06946	1.22883	0.58725
2023-10-25	1.06066	1.21757	0.58697
2023-10-26	1.05691	1.21394	0.58293
2023-10-27	1.0597	1.21624	0.5844
2023-10-30	1.06251	1.21744	0.58446
2023-10-31	1.0675	1.22005	0.5857
2023-11-01	1.05807	1.21641	0.58583
2023-11-02	1.06676	1.22256	0.59168
2023-11-03	1.07467	1.23892	0.60002
2023-11-06	1.07562	1.24281	0.60009
2023-11-07	1.07223	1.23464	0.59667
2023-11-08	1.07161	1.2301199999999999	0.59418
2023-11-09	1.07254	1.23081	0.59545
2023-11-10	1.06927	1.22375	0.59043
2023-11-13	1.07061	1.228	0.58986
2023-11-14	1.08874	1.2505600000000001	0.60132
2023-11-15	1.08857	1.24991	0.60544
2023-11-16	1.08954	1.24556	0.60297
2023-11-17	1.09137	1.24647	0.59971
2023-11-20	1.09518	1.25172	0.6043
2023-11-21	1.09651	1.2559	0.60861
2023-11-22	1.09229	1.25491	0.6064
2023-11-23	1.09301	1.25705	0.60662
2023-11-24	1.09482	1.26149	0.60901
2023-11-27	1.09592	1.2644	0.61071
2023-11-28	1.10089	1.2714699999999999	0.6147
2023-11-29	1.1017	1.27329	0.62079
2023-11-30	1.09838	1.27106	0.61818
2023-12-01	1.09128	1.27158	0.62086
2023-12-04	1.08949	1.27245	0.62223
2023-12-05	1.08474	1.26517	0.61738
2023-12-06	1.08047	1.2613400000000001	0.61764
2023-12-07	1.08174	1.26126	0.61931
2023-12-08	1.08007	1.26011	0.61748
2023-12-11	1.07789	1.25907	0.61335
2023-12-12	1.08281	1.26155	0.61696
2023-12-13	1.08966	1.26345	0.62133
2023-12-14	1.10092	1.27938	0.62492
2023-12-15	1.10037	1.27902	0.62294
2023-12-18	1.09312	1.27036	0.62508
2023-12-19	1.09874	1.27616	0.62724
2023-12-20	1.0983	1.27328	0.62984
2023-12-21	1.10124	1.26958	0.62956
2023-12-22	1.10401	1.2744	0.63176
2023-12-26	1.10451	1.27301	0.63317
2023-12-27	1.11227	1.28024	0.63484
2023-12-28	1.11395	1.28275	0.63691
2023-12-29	1.10843	1.27724	0.63586
