time	EURUSD	GBPUSD	NZDUSD
2015-01-02	1.19997	1.5324200000000001	0.76876
2015-01-05	1.18642	1.51642	0.76174
2015-01-06	1.18836	1.51404	0.7677
2015-01-07	1.18014	1.50543	0.77123
2015-01-08	1.17536	1.50336	0.77608
2015-01-09	1.1762299999999999	1.5076399999999999	0.77879
2015-01-12	1.17856	1.50982	0.77358
2015-01-13	1.17529	1.50769	0.77109
2015-01-14	1.17267	1.51443	0.76886
2015-01-15	1.15673	1.51494	0.76953
2015-01-16	1.14594	1.50745	0.77455
2015-01-19	1.15495	1.51065	0.77676
2015-01-20	1.15397	1.5057	0.76209
2015-01-21	1.15406	1.50751	0.75482
2015-01-22	1.13156	1.49714	0.74786
2015-01-23	1.11142	1.49503	0.74301
2015-01-26	1.1097	1.49858	0.73964
2015-01-27	1.1223	1.5059	0.74067
2015-01-28	1.12757	1.51302	0.73125
2015-01-29	1.12612	1.50176	0.72318
2015-01-30	1.1277	1.49882	0.72138
2015-02-02	1.12918	1.50048	0.72408
2015-02-03	1.13122	1.49878	0.71754
2015-02-04	1.13154	1.51382	0.72874
2015-02-05	1.13035	1.51642	0.73408
2015-02-06	1.1309	1.52103	0.73322
2015-02-09	1.12698	1.52	0.73402
2015-02-10	1.12726	1.51959	0.73834
2015-02-11	1.12794	1.52184	0.73508
2015-02-12	1.13016	1.52088	0.73131
2015-02-13	1.13792	1.53705	0.74112
2015-02-16	1.13191	1.5338500000000002	0.74693
2015-02-17	1.13217	1.53156	0.74812
2015-02-18	1.13335	1.5341	0.75015
2015-02-19	1.1355	1.54039	0.75063
2015-02-20	1.12788	1.5343	0.75118
2015-02-23	1.12947	1.53321	0.74867
2015-02-24	1.12888	1.54016	0.74211
2015-02-25	1.13353	1.5446499999999999	0.74741
2015-02-26	1.11834	1.5394	0.75155
2015-02-27	1.11758	1.5384	0.75141
2015-03-02	1.11597	1.53513	0.75027
2015-03-03	1.11545	1.53442	0.75011
2015-03-04	1.10615	1.52515	0.75416
2015-03-05	1.09874	1.52148	0.74533
2015-03-06	1.0838700000000001	1.5031400000000001	0.73567
2015-03-09	1.08227	1.50324	0.7322
2015-03-10	1.06676	1.50284	0.72531
2015-03-11	1.05108	1.48928	0.71876
2015-03-12	1.04943	1.48495	0.72727
2015-03-13	1.04619	1.46988	0.7312
2015-03-16	1.04712	1.47319	0.7316
2015-03-17	1.0551	1.4723600000000001	0.72993
2015-03-18	1.05797	1.46347	0.72744
2015-03-19	1.06125	1.46876	0.73717
2015-03-20	1.06491	1.47215	0.74005
2015-03-23	1.07667	1.48377	0.75478
2015-03-24	1.08897	1.48411	0.76113
2015-03-25	1.09002	1.48303	0.75858
2015-03-26	1.08555	1.48062	0.75546
2015-03-27	1.08007	1.47959	0.75424
2015-03-30	1.08095	1.47526	0.74858
2015-03-31	1.07123	1.47545	0.74554
2015-04-01	1.0718	1.4739	0.73904
2015-04-02	1.07497	1.47756	0.74238
2015-04-03	1.08632	1.48095	0.74957
2015-04-06	1.0909	1.48696	0.75169
2015-04-07	1.08029	1.48021	0.74858
2015-04-08	1.07627	1.48065	0.74831
2015-04-09	1.06372	1.46841	0.75256
2015-04-10	1.05674	1.45865	0.75133
2015-04-13	1.05202	1.4565000000000001	0.74213
2015-04-14	1.05311	1.46029	0.74376
2015-04-15	1.05705	1.47004	0.74863
2015-04-16	1.06246	1.48114	0.75778
2015-04-17	1.07338	1.49154	0.76447
2015-04-20	1.0712	1.4887299999999999	0.76417
2015-04-21	1.0659399999999999	1.48557	0.76338
2015-04-22	1.07079	1.49127	0.76564
2015-04-23	1.0665499999999999	1.49593	0.75358
2015-04-24	1.07842	1.50268	0.75422
2015-04-27	1.08191	1.51065	0.75805
2015-04-28	1.08595	1.51719	0.76157
2015-04-29	1.09591	1.53274	0.76705
2015-04-30	1.10708	1.53033	0.75743
2015-05-01	1.11742	1.5114100000000001	0.7506
2015-05-04	1.11224	1.5089700000000001	0.75072
2015-05-05	1.10662	1.50892	0.74896
2015-05-06	1.11747	1.51498	0.74591
2015-05-07	1.12371	1.51635	0.74248
2015-05-08	1.11789	1.53542	0.7421
2015-05-11	1.11305	1.53925	0.73315
2015-05-12	1.11337	1.55565	0.73276
2015-05-13	1.12019	1.56333	0.7317
2015-05-14	1.13402	1.57283	0.74746
2015-05-15	1.13233	1.57005	0.74285
2015-05-18	1.12979	1.56372	0.73695
2015-05-19	1.11184	1.54451	0.73355
2015-05-20	1.10616	1.54718	0.72803
2015-05-21	1.1078999999999999	1.55241	0.72909
2015-05-22	1.10016	1.54595	0.72955
2015-05-25	1.09584	1.54555	0.7291
2015-05-26	1.08626	1.53532	0.72199
2015-05-27	1.08185	1.53006	0.72107
2015-05-28	1.0867	1.52596	0.71271
2015-05-29	1.09251	1.52356	0.70798
2015-06-01	1.08865	1.51695	0.70809
2015-06-02	1.09152	1.5178500000000001	0.70841
2015-06-03	1.10793	1.52514	0.71169
2015-06-04	1.12219	1.53036	0.71029
2015-06-05	1.10489	1.51897	0.70241
2015-06-08	1.10837	1.52207	0.70393
2015-06-09	1.12136	1.5256699999999999	0.70862
2015-06-10	1.12599	1.53682	0.71064
2015-06-11	1.11816	1.5420099999999999	0.69652
2015-06-12	1.11509	1.54663	0.69416
2015-06-15	1.11893	1.5487	0.69591
2015-06-16	1.12044	1.55409	0.69718
2015-06-17	1.12057	1.5625200000000001	0.6878
2015-06-18	1.13297	1.5805500000000001	0.68794
2015-06-19	1.12915	1.58346	0.68891
2015-06-22	1.1311499999999999	1.58047	0.68614
2015-06-23	1.11347	1.57084	0.68143
2015-06-24	1.11539	1.56667	0.68446
2015-06-25	1.11534	1.56762	0.68764
2015-06-26	1.11297	1.57081	0.68172
2015-06-29	1.09538	1.56613	0.6784
2015-06-30	1.11123	1.56924	0.67469
2015-07-01	1.10425	1.5588	0.6729
2015-07-02	1.1031900000000001	1.55618	0.66548
2015-07-03	1.10643	1.55556	0.66764
2015-07-06	1.09688	1.55314	0.66447
2015-07-07	1.09158	1.54132	0.66189
2015-07-08	1.09734	1.5329700000000002	0.66211
2015-07-09	1.0991	1.53429	0.66975
2015-07-10	1.103	1.53633	0.66831
2015-07-13	1.09948	1.54806	0.66795
2015-07-14	1.09649	1.54502	0.66658
2015-07-15	1.09293	1.55761	0.65817
2015-07-16	1.08549	1.55596	0.64969
2015-07-17	1.08281	1.5552700000000002	0.6506
2015-07-20	1.08078	1.5537999999999998	0.65036
2015-07-21	1.08109	1.5528300000000002	0.65509
2015-07-22	1.08691	1.5542099999999999	0.65594
2015-07-23	1.09213	1.55006	0.65957
2015-07-24	1.09251	1.54663	0.65543
2015-07-27	1.09687	1.54902	0.65629
2015-07-28	1.10219	1.55277	0.6596
2015-07-29	1.09667	1.55872	0.66556
2015-07-30	1.08931	1.5562200000000002	0.65653
2015-07-31	1.09208	1.5548600000000001	0.65343
2015-08-03	1.0941	1.5564900000000002	0.65564
2015-08-04	1.08786	1.55572	0.65241
2015-08-05	1.08477	1.55253	0.64898
2015-08-06	1.08733	1.5466600000000001	0.65046
2015-08-07	1.08548	1.54243	0.65282
2015-08-10	1.0925	1.54579	0.65556
2015-08-11	1.09602	1.55548	0.65191
2015-08-12	1.1024	1.55336	0.64666
2015-08-13	1.10796	1.5572599999999999	0.65497
2015-08-14	1.10976	1.55881	0.65131
2015-08-17	1.10584	1.55783	0.65258
2015-08-18	1.10171	1.55617	0.65555
2015-08-19	1.10174	1.5635	0.65491
2015-08-20	1.11067	1.56057	0.65778
2015-08-21	1.12289	1.56574	0.66054
2015-08-24	1.13679	1.56299	0.6084
2015-08-25	1.13961	1.5680800000000001	0.64282
2015-08-26	1.12912	1.5452	0.64082
2015-08-27	1.12028	1.53696	0.64236
2015-08-28	1.11559	1.53348	0.64351
2015-08-31	1.11688	1.5339	0.6319
2015-09-01	1.12077	1.5299399999999999	0.63154
2015-09-02	1.12162	1.52637	0.63109
2015-09-03	1.10869	1.5218699999999998	0.63294
2015-09-04	1.10897	1.51643	0.62687
2015-09-07	1.1121	1.51707	0.62432
2015-09-08	1.11522	1.52658	0.62566
2015-09-09	1.11313	1.5349300000000001	0.63363
2015-09-10	1.11715	1.53383	0.6255
2015-09-11	1.12538	1.5399500000000002	0.6281
2015-09-14	1.12832	1.53723	0.62971
2015-09-15	1.1258	1.53293	0.62919
2015-09-16	1.12138	1.53296	0.63323
2015-09-17	1.12842	1.5485600000000002	0.63107
2015-09-18	1.12691	1.55139	0.6337
2015-09-21	1.11809	1.54803	0.62982
2015-09-22	1.1113	1.53399	0.62706
2015-09-23	1.11049	1.5220099999999999	0.62354
2015-09-24	1.11641	1.5200200000000001	0.62619
2015-09-25	1.11159	1.51349	0.62957
2015-09-28	1.11463	1.5156800000000001	0.63241
2015-09-29	1.11935	1.51285	0.6288
2015-09-30	1.11569	1.51068	0.63376
2015-10-01	1.11347	1.51064	0.63851
2015-10-02	1.11501	1.51269	0.63826
2015-10-05	1.11731	1.51361	0.64363
2015-10-06	1.11717	1.5139399999999998	0.64777
2015-10-07	1.12112	1.5218	0.6535
2015-10-08	1.12341	1.5260799999999999	0.65845
2015-10-09	1.12667	1.52996	0.66547
2015-10-12	1.13547	1.53024	0.66714
2015-10-13	1.13438	1.5199799999999999	0.66177
2015-10-14	1.13768	1.52459	0.66174
2015-10-15	1.13629	1.54143	0.67825
2015-10-16	1.13339	1.54299	0.67833
2015-10-19	1.1305399999999999	1.54271	0.67817
2015-10-20	1.1323699999999999	1.54348	0.67347
2015-10-21	1.13342	1.5411899999999998	0.66973
2015-10-22	1.10998	1.53452	0.66998
2015-10-23	1.0996299999999999	1.53056	0.67346
2015-10-26	1.10015	1.53056	0.67395
2015-10-27	1.103	1.5282200000000001	0.67203
2015-10-28	1.08966	1.5248300000000001	0.66208
2015-10-29	1.09023	1.5241799999999999	0.66474
2015-10-30	1.09653	1.5306899999999999	0.66886
2015-11-02	1.09998	1.54037	0.67237
2015-11-03	1.09357	1.53589	0.66508
2015-11-04	1.08439	1.53603	0.65727
2015-11-05	1.08333	1.52048	0.65799
2015-11-06	1.0706	1.50268	0.64976
2015-11-09	1.07191	1.50381	0.65115
2015-11-10	1.0674	1.50909	0.64997
2015-11-11	1.07054	1.51151	0.65183
2015-11-12	1.06906	1.51735	0.64995
2015-11-13	1.07137	1.5187	0.65082
2015-11-16	1.06744	1.51809	0.6468
2015-11-17	1.06305	1.5154	0.64515
2015-11-18	1.06166	1.5187300000000001	0.64278
2015-11-19	1.06549	1.52271	0.64647
2015-11-20	1.06397	1.51822	0.65504
2015-11-23	1.05922	1.51086	0.64922
2015-11-24	1.06193	1.5053	0.6502
2015-11-25	1.05657	1.50556	0.65458
2015-11-26	1.05996	1.50654	0.65615
2015-11-27	1.05682	1.5029400000000002	0.65198
2015-11-30	1.05576	1.49932	0.65135
2015-12-01	1.05629	1.50501	0.65809
2015-12-02	1.05505	1.48945	0.66123
2015-12-03	1.05222	1.4904	0.66071
2015-12-04	1.08357	1.50773	0.6634
2015-12-07	1.07958	1.50441	0.66263
2015-12-08	1.08299	1.49562	0.66105
2015-12-09	1.08789	1.5004	0.65648
2015-12-10	1.09247	1.51105	0.67078
2015-12-11	1.09263	1.5124900000000001	0.67021
2015-12-14	1.09452	1.5107	0.66903
2015-12-15	1.09044	1.50288	0.67399
2015-12-16	1.08875	1.49573	0.67132
2015-12-17	1.08023	1.48645	0.66871
2015-12-18	1.08047	1.48851	0.66802
2015-12-21	1.08344	1.4877	0.67169
2015-12-22	1.09021	1.4805	0.67569
2015-12-23	1.08696	1.48181	0.67607
2015-12-24	1.09023	1.48482	0.6769
2015-12-28	1.09401	1.48735	0.68233
2015-12-29	1.08988	1.47851	0.68375
2015-12-30	1.0901399999999999	1.47922	0.68291
2015-12-31	1.08417	1.4718499999999999	0.68219
2016-01-04	1.07808	1.4662600000000001	0.67183
2016-01-05	1.07104	1.46374	0.66758
2016-01-06	1.07127	1.46009	0.66249
2016-01-07	1.07707	1.45327	0.65896
2016-01-08	1.08028	1.45056	0.65392
2016-01-11	1.08476	1.44909	0.65084
2016-01-12	1.08193	1.43516	0.65141
2016-01-13	1.08046	1.43796	0.65101
2016-01-14	1.08342	1.4359600000000001	0.64179
2016-01-15	1.0854300000000001	1.42511	0.63803
2016-01-18	1.08684	1.42365	0.64007
2016-01-19	1.08591	1.41287	0.64009
2016-01-20	1.08769	1.41248	0.63462
2016-01-21	1.0777	1.4079	0.64101
2016-01-22	1.07888	1.42041	0.64655
2016-01-25	1.07822	1.42231	0.64488
2016-01-26	1.08185	1.41727	0.6424
2016-01-27	1.08503	1.42295	0.6416
2016-01-28	1.08694	1.4231500000000001	0.64172
2016-01-29	1.08096	1.4149	0.64576
2016-02-01	1.08142	1.42276	0.64476
2016-02-02	1.0885	1.43256	0.64613
2016-02-03	1.09034	1.43832	0.65058
2016-02-04	1.10693	1.45292	0.66403
2016-02-05	1.11084	1.44515	0.66144
2016-02-08	1.10862	1.43507	0.65917
2016-02-09	1.1162	1.43777	0.65622
2016-02-10	1.11602	1.4438	0.6604
2016-02-11	1.12736	1.43823	0.65843
2016-02-12	1.12138	1.44425	0.66111
2016-02-15	1.11276	1.44126	0.66044
2016-02-16	1.11239	1.42753	0.65441
2016-02-17	1.11057	1.42348	0.65522
2016-02-18	1.10707	1.42561	0.6605
2016-02-19	1.10664	1.4246400000000001	0.65641
2016-02-22	1.10028	1.4056899999999999	0.66211
2016-02-23	1.09898	1.4007100000000001	0.66367
2016-02-24	1.09571	1.38779	0.65855
2016-02-25	1.09865	1.38994	0.66412
2016-02-26	1.09114	1.38534	0.66168
2016-02-29	1.08589	1.38351	0.65642
2016-03-01	1.08338	1.3903699999999999	0.65702
2016-03-02	1.08251	1.39141	0.65921
2016-03-03	1.08533	1.4032200000000001	0.6654
2016-03-04	1.09027	1.41075	0.67133
2016-03-07	1.09397	1.41336	0.67488
2016-03-08	1.09933	1.4172799999999999	0.67333
2016-03-09	1.09457	1.41769	0.66407
2016-03-10	1.08219	1.41173	0.66178
2016-03-11	1.10801	1.42536	0.66529
2016-03-14	1.10775	1.42923	0.66565
2016-03-15	1.10715	1.41363	0.65862
2016-03-16	1.10575	1.40526	0.65743
2016-03-17	1.12048	1.42209	0.67146
2016-03-18	1.12558	1.44097	0.67824
2016-03-21	1.12343	1.4365	0.67455
2016-03-22	1.11881	1.41898	0.67198
2016-03-23	1.11595	1.40816	0.66818
2016-03-24	1.11439	1.40567	0.66702
2016-03-25	1.11536	1.41085	0.66736
2016-03-28	1.11527	1.41197	0.66668
2016-03-29	1.11687	1.41941	0.67152
2016-03-30	1.12831	1.43602	0.684
2016-03-31	1.13098	1.43254	0.68805
2016-04-01	1.13344	1.41703	0.68344
2016-04-04	1.1357	1.41904	0.68284
2016-04-05	1.1335600000000001	1.41211	0.6758
2016-04-06	1.13262	1.4004699999999999	0.67727
2016-04-07	1.13373	1.40483	0.67615
2016-04-08	1.1348799999999999	1.404	0.67689
2016-04-11	1.13721	1.41048	0.67902
2016-04-12	1.13456	1.41958	0.68501
2016-04-13	1.1268	1.41924	0.68969
2016-04-14	1.12335	1.40899	0.68228
2016-04-15	1.12453	1.41323	0.68397
2016-04-18	1.12734	1.41306	0.68429
2016-04-19	1.1303	1.4270100000000001	0.6946
2016-04-20	1.12901	1.43275	0.69711
2016-04-21	1.12696	1.4297900000000001	0.68989
2016-04-22	1.12154	1.4314	0.6834
2016-04-25	1.12145	1.4402300000000001	0.68352
2016-04-26	1.12559	1.44785	0.6851
2016-04-27	1.12713	1.4473099999999999	0.68058
2016-04-28	1.1296	1.45225	0.68397
2016-04-29	1.1347	1.45751	0.695
2016-05-02	1.14479	1.45823	0.69709
2016-05-03	1.14947	1.45286	0.69096
2016-05-04	1.14659	1.4461	0.68588
2016-05-05	1.13856	1.44435	0.68704
2016-05-06	1.13863	1.44144	0.6806
2016-05-09	1.1375	1.43738	0.67629
2016-05-10	1.13583	1.43884	0.6715
2016-05-11	1.13686	1.43941	0.67546
2016-05-12	1.13702	1.44056	0.68037
2016-05-13	1.12825	1.43398	0.67545
2016-05-16	1.13019	1.4331800000000001	0.67452
2016-05-17	1.13013	1.43964	0.67778
2016-05-18	1.1214	1.44029	0.67274
2016-05-19	1.11796	1.45614	0.67093
2016-05-20	1.1196	1.44854	0.67354
2016-05-23	1.11873	1.44417	0.67471
2016-05-24	1.11321	1.44734	0.67042
2016-05-25	1.11285	1.46002	0.67245
2016-05-26	1.11492	1.46395	0.66912
2016-05-27	1.11107	1.4604300000000001	0.66862
2016-05-30	1.10977	1.45869	0.66743
2016-05-31	1.11219	1.44644	0.6687
2016-06-01	1.11138	1.43855	0.67592
2016-06-02	1.11449	1.44054	0.67781
2016-06-03	1.10707	1.43984	0.68
2016-06-06	1.13257	1.43515	0.69026
2016-06-07	1.1338300000000001	1.44359	0.68918
2016-06-08	1.13541	1.4499900000000001	0.69435
2016-06-09	1.13052	1.44463	0.70006
2016-06-10	1.1245	1.4179300000000001	0.70391
2016-06-13	1.12316	1.4114499999999999	0.70302
2016-06-14	1.11886	1.40902	0.69911
2016-06-15	1.11894	1.40893	0.69623
2016-06-16	1.11307	1.40122	0.69675
2016-06-17	1.12225	1.41965	0.70254
2016-06-20	1.13018	1.44336	0.70493
2016-06-21	1.12411	1.46153	0.71008
2016-06-22	1.12362	1.46408	0.71172
2016-06-23	1.12943	1.46935	0.71548
2016-06-24	1.09113	1.32279	0.69704
2016-06-27	1.09705	1.31197	0.69791
2016-06-28	1.10098	1.32013	0.69751
2016-06-29	1.10489	1.32861	0.70385
2016-06-30	1.10238	1.32051	0.70563
2016-07-01	1.10716	1.32435	0.71162
2016-07-04	1.10975	1.32348	0.71575
2016-07-05	1.10619	1.29992	0.71381
2016-07-06	1.10288	1.2795	0.70783
2016-07-07	1.10522	1.28748	0.71149
2016-07-08	1.10016	1.28796	0.72109
2016-07-11	1.10153	1.28499	0.7215
2016-07-12	1.10517	1.29578	0.72092
2016-07-13	1.10418	1.31329	0.72373
2016-07-14	1.1085	1.31044	0.7174
2016-07-15	1.1024	1.31312	0.71059
2016-07-18	1.10372	1.31823	0.70676
2016-07-19	1.09996	1.30732	0.70092
2016-07-20	1.0981	1.30641	0.70146
2016-07-21	1.09792	1.31547	0.69506
2016-07-22	1.09551	1.3078400000000001	0.69729
2016-07-25	1.09516	1.30944	0.69555
2016-07-26	1.09778	1.30564	0.69826
2016-07-27	1.09314	1.30709	0.70032
2016-07-28	1.10516	1.31165	0.70613
2016-07-29	1.1072	1.31476	0.70571
2016-08-01	1.11548	1.31619	0.71659
2016-08-02	1.11558	1.31711	0.71558
2016-08-03	1.11403	1.32799	0.71398
2016-08-04	1.11135	1.3102	0.71455
2016-08-05	1.10453	1.30206	0.71206
2016-08-08	1.10716	1.3027	0.7086
2016-08-09	1.107	1.2955	0.71096
2016-08-10	1.11114	1.29904	0.71569
2016-08-11	1.11349	1.29353	0.71798
2016-08-12	1.11309	1.29023	0.71844
2016-08-15	1.1153	1.2865	0.71637
2016-08-16	1.1177	1.28743	0.71979
2016-08-17	1.12403	1.29749	0.72018
2016-08-18	1.12837	1.3031	0.72461
2016-08-19	1.13037	1.30222	0.72401
2016-08-22	1.12707	1.30338	0.72082
2016-08-23	1.13028	1.3127900000000001	0.72638
2016-08-24	1.12448	1.31606	0.72679
2016-08-25	1.12588	1.31683	0.72852
2016-08-26	1.11801	1.3121399999999999	0.72192
2016-08-29	1.11575	1.3059	0.72091
2016-08-30	1.11317	1.30586	0.72032
2016-08-31	1.11227	1.30655	0.72131
2016-09-01	1.11272	1.31273	0.72261
2016-09-02	1.11449	1.32461	0.72664
2016-09-05	1.11393	1.32874	0.72764
2016-09-06	1.11404	1.32959	0.73004
2016-09-07	1.12283	1.33185	0.73961
2016-09-08	1.1234	1.32829	0.73827
2016-09-09	1.11981	1.32386	0.72969
2016-09-12	1.121	1.32343	0.729
2016-09-13	1.12036	1.31668	0.7234
2016-09-14	1.12097	1.3137699999999999	0.72364
2016-09-15	1.12187	1.31788	0.72399
2016-09-16	1.11492	1.29955	0.72529
2016-09-19	1.11505	1.29911	0.72513
2016-09-20	1.1149499999999999	1.29465	0.7285
2016-09-21	1.11228	1.29441	0.72773
2016-09-22	1.11844	1.3027	0.72912
2016-09-23	1.11935	1.29144	0.72224
2016-09-26	1.12204	1.29156	0.72198
2016-09-27	1.11906	1.29361	0.72587
2016-09-28	1.11814	1.29791	0.72317
2016-09-29	1.11965	1.29536	0.72353
2016-09-30	1.11531	1.29359	0.72278
2016-10-03	1.12049	1.28168	0.72524
2016-10-04	1.11376	1.27186	0.71968
2016-10-05	1.11894	1.26848	0.71472
2016-10-06	1.11395	1.26013	0.71342
2016-10-07	1.1104	1.14754	0.71088
2016-10-10	1.11309	1.2344	0.71207
2016-10-11	1.10486	1.20888	0.7046
2016-10-12	1.10041	1.21044	0.70433
2016-10-13	1.09851	1.2132100000000001	0.70335
2016-10-14	1.09699	1.21674	0.70622
2016-10-17	1.09635	1.2135	0.70759
2016-10-18	1.09697	1.21756	0.71269
2016-10-19	1.09547	1.22533	0.71865
2016-10-20	1.09154	1.22093	0.71809
2016-10-21	1.0859	1.21706	0.71424
2016-10-24	1.08592	1.21851	0.71235
2016-10-25	1.08507	1.20817	0.71081
2016-10-26	1.0874	1.21559	0.71456
2016-10-27	1.08821	1.21485	0.71071
2016-10-28	1.08926	1.21133	0.71125
2016-10-31	1.09355	1.21431	0.71365
2016-11-01	1.0959699999999999	1.22052	0.71468
2016-11-02	1.10493	1.22197	0.71802
2016-11-03	1.10595	1.22964	0.72773
2016-11-04	1.10795	1.24485	0.7298
2016-11-07	1.1027	1.23785	0.72895
2016-11-08	1.10083	1.23604	0.73165
2016-11-09	1.09066	1.23525	0.72637
2016-11-10	1.08645	1.2376800000000001	0.71755
2016-11-11	1.08301	1.2524899999999999	0.71052
2016-11-14	1.07087	1.24435	0.70689
2016-11-15	1.07138	1.23793	0.707
2016-11-16	1.06656	1.24093	0.70343
2016-11-17	1.06197	1.24077	0.70121
2016-11-18	1.05687	1.23015	0.69838
2016-11-21	1.05783	1.23118	0.69832
2016-11-22	1.05835	1.2384	0.70308
2016-11-23	1.05258	1.23598	0.69932
2016-11-24	1.05176	1.24014	0.69701
2016-11-25	1.05291	1.24151	0.6983
2016-11-28	1.05632	1.23851	0.7032
2016-11-29	1.05645	1.23875	0.70649
2016-11-30	1.05521	1.24187	0.70689
2016-12-01	1.05842	1.25021	0.70423
2016-12-02	1.06248	1.25695	0.70818
2016-12-05	1.05044	1.26243	0.70682
2016-12-06	1.06979	1.2655699999999999	0.70928
2016-12-07	1.07095	1.25694	0.71002
2016-12-08	1.05968	1.25478	0.71453
2016-12-09	1.05306	1.25518	0.71243
2016-12-12	1.0525	1.25661	0.71137
2016-12-13	1.06034	1.26529	0.71792
2016-12-14	1.04955	1.25294	0.71038
2016-12-15	1.0366	1.23758	0.7009
2016-12-16	1.04003	1.23822	0.69298
2016-12-19	1.03922	1.23544	0.69248
2016-12-20	1.03519	1.23122	0.68816
2016-12-21	1.03819	1.23232	0.68867
2016-12-22	1.0422	1.22763	0.6887
2016-12-23	1.04262	1.22281	0.6861
2016-12-26	1.03249	1.19594	0.68201
2016-12-27	1.04319	1.22401	0.68777
2016-12-28	1.03717	1.22	0.68782
2016-12-29	1.04079	1.22077	0.69144
2016-12-30	1.04827	1.22448	0.68993
2017-01-02	1.0448	1.22627	0.68915
2017-01-03	1.03399	1.21988	0.68838
2017-01-04	1.03895	1.22204	0.6889
2017-01-05	1.04804	1.22695	0.69513
2017-01-06	1.05235	1.22606	0.6953
2017-01-09	1.05104	1.21237	0.69479
2017-01-10	1.05506	1.21067	0.69576
2017-01-11	1.04534	1.20374	0.696
2017-01-12	1.0571	1.21517	0.7045
2017-01-13	1.05959	1.21203	0.70701
2017-01-16	1.05789	1.19864	0.70752
2017-01-17	1.0592	1.20164	0.7088
2017-01-18	1.06278	1.22534	0.71209
2017-01-19	1.05888	1.22503	0.71159
2017-01-20	1.06248	1.22601	0.71281
2017-01-23	1.0693	1.23684	0.71533
2017-01-24	1.07199	1.24179	0.72077
2017-01-25	1.07109	1.24906	0.72226
2017-01-26	1.06572	1.2556	0.72213
2017-01-27	1.06579	1.25157	0.72271
2017-01-30	1.062	1.24653	0.72354
2017-01-31	1.06843	1.24118	0.72691
2017-02-01	1.07298	1.2542200000000001	0.7238
2017-02-02	1.07556	1.25176	0.72416
2017-02-03	1.07106	1.2457799999999999	0.72404
2017-02-06	1.07053	1.24269	0.7284
2017-02-07	1.06558	1.2346300000000001	0.72777
2017-02-08	1.06402	1.24743	0.72436
2017-02-09	1.06505	1.2490700000000001	0.71721
2017-02-10	1.06072	1.24393	0.71701
2017-02-13	1.05917	1.24596	0.71551
2017-02-14	1.05607	1.24427	0.71333
2017-02-15	1.0521	1.23825	0.71452
2017-02-16	1.0590600000000001	1.24538	0.7204
2017-02-17	1.06051	1.23874	0.71569
2017-02-20	1.06029	1.24014	0.71688
2017-02-21	1.05255	1.24009	0.71288
2017-02-22	1.04933	1.24169	0.71442
2017-02-23	1.05373	1.2427	0.71725
2017-02-24	1.05513	1.24466	0.71727
2017-02-27	1.05511	1.23827	0.71859
2017-02-28	1.0568	1.23742	0.71761
2017-03-01	1.05138	1.22793	0.70991
2017-03-02	1.04946	1.22421	0.70491
2017-03-03	1.05002	1.22137	0.70013
2017-03-06	1.05745	1.22237	0.699
2017-03-07	1.0558	1.2168700000000001	0.69508
2017-03-08	1.05345	1.21386	0.69038
2017-03-09	1.05247	1.21333	0.68888
2017-03-10	1.05721	1.21345	0.689
2017-03-13	1.06519	1.21559	0.69123
2017-03-14	1.05995	1.21087	0.68927
2017-03-15	1.06031	1.21465	0.69174
2017-03-16	1.07053	1.22407	0.69674
2017-03-17	1.07272	1.23235	0.69743
2017-03-20	1.07249	1.23345	0.70099
2017-03-21	1.07189	1.234	0.70312
2017-03-22	1.07755	1.24224	0.70152
2017-03-23	1.07677	1.24625	0.70221
2017-03-24	1.076	1.2459500000000001	0.69935
2017-03-27	1.08266	1.24867	0.70222
2017-03-28	1.07985	1.24406	0.70056
2017-03-29	1.07396	1.23761	0.69914
2017-03-30	1.06717	1.24023	0.69903
2017-03-31	1.06462	1.24328	0.69751
2017-04-03	1.06421	1.24651	0.69845
2017-04-04	1.06354	1.24184	0.69685
2017-04-05	1.06345	1.24224	0.69382
2017-04-06	1.06287	1.24496	0.69572
2017-04-07	1.05804	1.23581	0.69258
2017-04-10	1.05697	1.23652	0.69205
2017-04-11	1.05785	1.24033	0.693
2017-04-12	1.05887	1.24802	0.69092
2017-04-13	1.06091	1.24993	0.69601
2017-04-14	1.06057	1.25	0.69827
2017-04-17	1.0602800000000001	1.25228	0.69879
2017-04-18	1.0636700000000001	1.2515	0.69995
2017-04-19	1.06998	1.27698	0.69961
2017-04-20	1.07086	1.27725	0.69993
2017-04-21	1.06823	1.27561	0.69834
2017-04-24	1.08207	1.27719	0.70101
2017-04-25	1.08513	1.2775	0.69408
2017-04-26	1.08557	1.28048	0.68719
2017-04-27	1.08516	1.28385	0.68479
2017-04-28	1.08569	1.2888600000000001	0.68515
2017-05-01	1.0884	1.2882500000000001	0.68516
2017-05-02	1.08882	1.28641	0.69016
2017-05-03	1.08826	1.28654	0.6867
2017-05-04	1.08748	1.28307	0.68392
2017-05-05	1.09475	1.29001	0.68611
2017-05-08	1.09162	1.29298	0.68881
2017-05-09	1.08634	1.29026	0.68799
2017-05-10	1.08532	1.29279	0.68893
2017-05-11	1.0839	1.2849	0.68177
2017-05-12	1.08555	1.28444	0.68265
2017-05-15	1.09225	1.28804	0.68515
2017-05-16	1.09724	1.28654	0.68626
2017-05-17	1.10796	1.29059	0.68774
2017-05-18	1.10755	1.28874	0.68865
2017-05-19	1.10967	1.29163	0.68812
2017-05-22	1.11613	1.29654	0.69095
2017-05-23	1.1175	1.29527	0.69892
2017-05-24	1.11684	1.29269	0.69887
2017-05-25	1.11936	1.2931599999999999	0.70162
2017-05-26	1.11603	1.27752	0.70069
2017-05-29	1.11616	1.27936	0.70376
2017-05-30	1.11093	1.27939	0.70351
2017-05-31	1.11644	1.27691	0.70772
2017-06-01	1.12021	1.28298	0.70568
2017-06-02	1.1205	1.28457	0.70582
2017-06-05	1.12343	1.28548	0.71138
2017-06-06	1.12404	1.2872	0.71261
2017-06-07	1.1204	1.28874	0.71692
2017-06-08	1.11946	1.2908	0.71872
2017-06-09	1.11664	1.26348	0.719
2017-06-12	1.11919	1.26386	0.71707
2017-06-13	1.11853	1.26421	0.71913
2017-06-14	1.1193	1.27233	0.71986
2017-06-15	1.11321	1.2690299999999999	0.71853
2017-06-16	1.11385	1.27506	0.71993
2017-06-19	1.1143	1.27228	0.72265
2017-06-20	1.11189	1.26028	0.72196
2017-06-21	1.11273	1.2589000000000001	0.72061
2017-06-22	1.11394	1.2653699999999999	0.72287
2017-06-23	1.11452	1.2675	0.72493
2017-06-26	1.11717	1.27061	0.72618
2017-06-27	1.11789	1.2716	0.72657
2017-06-28	1.12914	1.27936	0.72537
2017-06-29	1.13744	1.29223	0.72756
2017-06-30	1.13921	1.29448	0.72918
2017-07-03	1.13551	1.29318	0.72726
2017-07-04	1.1335899999999999	1.29123	0.72621
2017-07-05	1.13123	1.28931	0.72544
2017-07-06	1.13299	1.29196	0.72441
2017-07-07	1.13795	1.28667	0.72606
2017-07-10	1.13816	1.28541	0.72627
2017-07-11	1.13828	1.28308	0.72017
2017-07-12	1.13916	1.28116	0.72159
2017-07-13	1.13704	1.2877399999999999	0.72466
2017-07-14	1.13914	1.29353	0.72992
2017-07-17	1.14348	1.30465	0.73111
2017-07-18	1.14715	1.30047	0.72621
2017-07-19	1.15097	1.30104	0.73405
2017-07-20	1.14792	1.2933	0.73337
2017-07-21	1.16191	1.29534	0.7394
2017-07-24	1.16257	1.29857	0.74217
2017-07-25	1.16308	1.30075	0.74011
2017-07-26	1.16125	1.29988	0.74092
2017-07-27	1.16501	1.30514	0.74798
2017-07-28	1.16712	1.30618	0.74604
2017-07-31	1.17232	1.3096999999999999	0.74677
2017-08-01	1.1785	1.31903	0.74615
2017-08-02	1.17936	1.31909	0.74102
2017-08-03	1.18306	1.3112300000000001	0.73908
2017-08-04	1.17281	1.30237	0.73924
2017-08-07	1.17705	1.30136	0.7348
2017-08-08	1.17151	1.29524	0.73181
2017-08-09	1.16889	1.29681	0.73082
2017-08-10	1.17041	1.2951	0.72518
2017-08-11	1.17486	1.29393	0.72523
2017-08-14	1.17698	1.29562	0.7281
2017-08-15	1.16871	1.2846	0.72291
2017-08-16	1.16812	1.28411	0.72232
2017-08-17	1.16622	1.28524	0.72796
2017-08-18	1.17084	1.28314	0.72756
2017-08-21	1.17311	1.2847	0.73046
2017-08-22	1.17451	1.28108	0.72729
2017-08-23	1.17402	1.27796	0.71974
2017-08-24	1.17841	1.27739	0.71918
2017-08-25	1.17733	1.2793	0.71968
2017-08-28	1.19169	1.28734	0.72305
2017-08-29	1.19464	1.29148	0.72177
2017-08-30	1.18804	1.28784	0.7189
2017-08-31	1.18231	1.28522	0.71316
2017-09-01	1.18493	1.29038	0.71474
2017-09-04	1.18736	1.29125	0.71401
2017-09-05	1.18682	1.29087	0.71581
2017-09-06	1.19029	1.30182	0.71864
2017-09-07	1.19136	1.30325	0.71722
2017-09-08	1.20148	1.3094000000000001	0.72274
2017-09-11	1.19478	1.31609	0.7225
2017-09-12	1.19262	1.31604	0.72165
2017-09-13	1.1873	1.3183799999999999	0.72201
2017-09-14	1.18376	1.3152	0.7183
2017-09-15	1.19009	1.33812	0.72119
2017-09-18	1.19149	1.3464800000000001	0.72476
2017-09-19	1.19492	1.34139	0.7254
2017-09-20	1.18612	1.34518	0.73031
2017-09-21	1.1865700000000001	1.34705	0.72981
2017-09-22	1.19359	1.3449900000000001	0.728
2017-09-25	1.1832	1.34308	0.72517
2017-09-26	1.17574	1.34093	0.71677
2017-09-27	1.1717	1.33635	0.71769
2017-09-28	1.1721	1.3342800000000001	0.71664
2017-09-29	1.17725	1.33497	0.72058
2017-10-02	1.17301	1.32561	0.71675
2017-10-03	1.16962	1.32221	0.7148
2017-10-04	1.1735	1.32349	0.71466
2017-10-05	1.1699	1.31076	0.71104
2017-10-06	1.16693	1.30271	0.70588
2017-10-09	1.17194	1.3075	0.70581
2017-10-10	1.1739	1.3131	0.70558
2017-10-11	1.17951	1.31751	0.70622
2017-10-12	1.18269	1.3121399999999999	0.70732
2017-10-13	1.18053	1.32457	0.71212
2017-10-16	1.17804	1.32249	0.71621
2017-10-17	1.17361	1.31546	0.7147
2017-10-18	1.17301	1.31397	0.71192
2017-10-19	1.17678	1.31278	0.70091
2017-10-20	1.17624	1.30876	0.69538
2017-10-23	1.17249	1.31575	0.69313
2017-10-24	1.17427	1.31131	0.68857
2017-10-25	1.1753	1.31098	0.68609
2017-10-26	1.16404	1.3146499999999999	0.68334
2017-10-27	1.1574200000000001	1.30694	0.6818
2017-10-30	1.15938	1.3112	0.68332
2017-10-31	1.1625	1.31916	0.6831
2017-11-01	1.16064	1.32402	0.68295
2017-11-02	1.1613	1.3042799999999999	0.68828
2017-11-03	1.15991	1.3039100000000001	0.68978
2017-11-06	1.15802	1.3058100000000001	0.68748
2017-11-07	1.1554	1.31089	0.68909
2017-11-08	1.15791	1.30861	0.68928
2017-11-09	1.15856	1.3085200000000001	0.69333
2017-11-10	1.16227	1.3112	0.69209
2017-11-13	1.16373	1.30618	0.68934
2017-11-14	1.16614	1.30718	0.68444
2017-11-15	1.17847	1.31301	0.68618
2017-11-16	1.17565	1.31351	0.68355
2017-11-17	1.17653	1.31694	0.67804
2017-11-20	1.1722299999999999	1.31855	0.67934
2017-11-21	1.1713	1.32091	0.6789
2017-11-22	1.17321	1.32123	0.682
2017-11-23	1.18132	1.32842	0.68665
2017-11-24	1.18368	1.3278400000000001	0.68469
2017-11-27	1.18956	1.33101	0.68531
2017-11-28	1.1827	1.32208	0.68958
2017-11-29	1.18165	1.33398	0.68764
2017-11-30	1.18089	1.34063	0.68302
2017-12-01	1.18508	1.34444	0.68165
2017-12-04	1.18292	1.34113	0.68396
2017-12-05	1.18007	1.337	0.68511
2017-12-06	1.1780599999999999	1.3357700000000001	0.68685
2017-12-07	1.17718	1.33197	0.68233
2017-12-08	1.17302	1.33554	0.68224
2017-12-11	1.17634	1.33304	0.68295
2017-12-12	1.17175	1.3303	0.69011
2017-12-13	1.17294	1.33113	0.69309
2017-12-14	1.17707	1.33658	0.69781
2017-12-15	1.17497	1.33013	0.69785
2017-12-18	1.17376	1.33102	0.69914
2017-12-19	1.17764	1.3330899999999999	0.6966
2017-12-20	1.18288	1.33716	0.69539
2017-12-21	1.18492	1.33314	0.69864
2017-12-22	1.18169	1.33462	0.70025
2017-12-26	1.18466	1.33475	0.70098
2017-12-27	1.1855	1.3367499999999999	0.70285
2017-12-28	1.18945	1.33929	0.70522
2017-12-29	1.1936	1.34249	0.70777
2018-01-02	1.20007	1.34906	0.70133
2018-01-03	1.20011	1.34937	0.70731
2018-01-04	1.20044	1.35053	0.7073
2018-01-05	1.20206	1.3523100000000001	0.71445
2018-01-08	1.19557	1.35228	0.71523
2018-01-09	1.19156	1.35055	0.71596
2018-01-10	1.19231	1.34816	0.71397
2018-01-11	1.19292	1.3458	0.71822
2018-01-12	1.20308	1.3532899999999999	0.72193
2018-01-15	1.21876	1.37237	0.72351
2018-01-16	1.21952	1.37419	0.72589
2018-01-17	1.21771	1.37567	0.72346
2018-01-18	1.2165	1.3804400000000001	0.72455
2018-01-19	1.2214800000000001	1.38384	0.72715
2018-01-22	1.22138	1.3857	0.72675
2018-01-23	1.22231	1.39158	0.73059
2018-01-24	1.2291	1.39969	0.7333
2018-01-25	1.23639	1.40828	0.73138
2018-01-26	1.23699	1.41078	0.72885
2018-01-29	1.23368	1.40251	0.73012
2018-01-30	1.23349	1.39799	0.72792
2018-01-31	1.23867	1.41214	0.73262
2018-02-01	1.23852	1.41588	0.73337
2018-02-02	1.24092	1.41014	0.72947
2018-02-05	1.23624	1.39546	0.726
2018-02-06	1.23138	1.38362	0.72567
2018-02-07	1.22456	1.38484	0.72092
2018-02-08	1.22121	1.38455	0.71765
2018-02-09	1.22054	1.37645	0.71981
2018-02-12	1.2235	1.37958	0.72318
2018-02-13	1.22844	1.3832200000000001	0.72471
2018-02-14	1.2275800000000001	1.38	0.72397
2018-02-15	1.24479	1.39933	0.73629
2018-02-16	1.23932	1.39965	0.73736
2018-02-19	1.23689	1.3958599999999999	0.73531
2018-02-20	1.23201	1.3931200000000001	0.7336
2018-02-21	1.22811	1.39045	0.73163
2018-02-22	1.22597	1.38567	0.73074
2018-02-23	1.22798	1.39046	0.72707
2018-02-26	1.22776	1.39279	0.72765
2018-02-27	1.22215	1.3857599999999999	0.7231
2018-02-28	1.21879	1.37567	0.7206
2018-03-01	1.21547	1.37115	0.71858
2018-03-02	1.2251400000000001	1.37555	0.72187
2018-03-05	1.22691	1.37666	0.72027
2018-03-06	1.2328000000000001	1.38165	0.72212
2018-03-07	1.23847	1.3846	0.7254
2018-03-08	1.22979	1.37812	0.7245
2018-03-09	1.2273100000000001	1.3788	0.72492
2018-03-12	1.22903	1.3841	0.72819
2018-03-13	1.23143	1.38744	0.72901
2018-03-14	1.23471	1.39252	0.73178
2018-03-15	1.23001	1.39211	0.72671
2018-03-16	1.226	1.38886	0.72076
2018-03-19	1.2258	1.39127	0.71959
2018-03-20	1.22397	1.39826	0.71765
2018-03-21	1.22409	1.39968	0.7153
2018-03-22	1.22851	1.40757	0.72061
2018-03-23	1.23014	1.4085	0.72022
2018-03-26	1.23493	1.41299	0.72286
2018-03-27	1.23722	1.40659	0.72579
2018-03-28	1.23	1.40707	0.72032
2018-03-29	1.22839	1.40104	0.71878
2018-03-30	1.22893	1.40116	0.72199
2018-04-02	1.22813	1.40158	0.72097
2018-04-03	1.22537	1.40209	0.71949
2018-04-04	1.2257	1.40146	0.72536
2018-04-05	1.22182	1.39653	0.72622
2018-04-06	1.22152	1.3983400000000001	0.7243
2018-04-09	1.22601	1.4078300000000001	0.72632
2018-04-10	1.23028	1.41201	0.73031
2018-04-11	1.23469	1.4160599999999999	0.73444
2018-04-12	1.22992	1.41451	0.73484
2018-04-13	1.2307	1.42206	0.73451
2018-04-16	1.23241	1.42313	0.73332
2018-04-17	1.23361	1.42825	0.73263
2018-04-18	1.23415	1.41729	0.73035
2018-04-19	1.23291	1.40685	0.72599
2018-04-20	1.22498	1.40038	0.72005
2018-04-23	1.21975	1.3926	0.71454
2018-04-24	1.21817	1.39181	0.71052
2018-04-25	1.216	1.39231	0.70578
2018-04-26	1.20962	1.38948	0.70558
2018-04-27	1.20554	1.3747099999999999	0.70388
2018-04-30	1.20642	1.37124	0.70333
2018-05-01	1.19812	1.3588	0.69902
2018-05-02	1.19379	1.35547	0.69847
2018-05-03	1.19476	1.35375	0.69863
2018-05-04	1.19104	1.34862	0.6994
2018-05-07	1.18974	1.35152	0.69946
2018-05-08	1.18381	1.34847	0.69533
2018-05-09	1.18226	1.3498700000000001	0.69487
2018-05-10	1.18429	1.34599	0.69024
2018-05-11	1.18912	1.35018	0.69541
2018-05-14	1.19259	1.35372	0.69111
2018-05-15	1.18202	1.34512	0.6854
2018-05-16	1.17631	1.34554	0.68509
2018-05-17	1.17763	1.34734	0.68719
2018-05-18	1.17499	1.34547	0.68727
2018-05-21	1.17165	1.33907	0.68838
2018-05-22	1.17567	1.34123	0.69201
2018-05-23	1.16758	1.33051	0.6884
2018-05-24	1.16907	1.33346	0.6906
2018-05-25	1.16454	1.3293599999999999	0.69055
2018-05-28	1.16073	1.3296299999999999	0.69159
2018-05-29	1.15102	1.32042	0.68894
2018-05-30	1.15186	1.3235000000000001	0.68824
2018-05-31	1.16411	1.32708	0.69684
2018-06-01	1.16166	1.32535	0.69601
2018-06-04	1.16566	1.32948	0.69754
2018-06-05	1.16525	1.3302	0.69977
2018-06-06	1.17121	1.33762	0.70181
2018-06-07	1.17726	1.33709	0.7022
2018-06-08	1.1727	1.33544	0.70082
2018-06-11	1.1771	1.33447	0.70152
2018-06-12	1.17332	1.33419	0.69965
2018-06-13	1.17251	1.3308200000000001	0.69741
2018-06-14	1.15625	1.3256000000000001	0.69714
2018-06-15	1.15429	1.32112	0.69276
2018-06-18	1.15653	1.32257	0.69199
2018-06-19	1.15305	1.31506	0.68848
2018-06-20	1.15361	1.31459	0.68595
2018-06-21	1.15078	1.31019	0.68258
2018-06-22	1.15992	1.32305	0.68467
2018-06-25	1.16284	1.32206	0.6885
2018-06-26	1.16348	1.31924	0.68468
2018-06-27	1.15406	1.3106200000000001	0.67782
2018-06-28	1.15271	1.30495	0.6746
2018-06-29	1.15581	1.30659	0.6736
2018-07-02	1.15911	1.30951	0.66895
2018-07-03	1.16204	1.31147	0.66877
2018-07-04	1.16305	1.31707	0.67375
2018-07-05	1.16498	1.32038	0.67504
2018-07-06	1.16799	1.32032	0.67813
2018-07-09	1.17326	1.3189199999999999	0.68294
2018-07-10	1.16901	1.3223099999999999	0.68061
2018-07-11	1.16653	1.31995	0.67541
2018-07-12	1.16497	1.31802	0.67481
2018-07-13	1.16129	1.31025	0.67252
2018-07-16	1.16756	1.3216700000000001	0.67581
2018-07-17	1.16493	1.30684	0.67551
2018-07-18	1.16019	1.30098	0.67424
2018-07-19	1.15749	1.29574	0.67136
2018-07-20	1.16261	1.29948	0.67196
2018-07-23	1.16836	1.3082099999999999	0.67764
2018-07-24	1.16546	1.30713	0.67689
2018-07-25	1.16639	1.31326	0.67854
2018-07-26	1.16402	1.31052	0.67782
2018-07-27	1.1620300000000001	1.3082	0.67623
2018-07-30	1.1648	1.30928	0.67915
2018-07-31	1.1684	1.3088899999999999	0.68009
2018-08-01	1.16572	1.30951	0.67817
2018-08-02	1.1582	1.3014000000000001	0.67336
2018-08-03	1.156	1.29752	0.67203
2018-08-06	1.15301	1.29199	0.67241
2018-08-07	1.15497	1.29237	0.67248
2018-08-08	1.15733	1.28534	0.67223
2018-08-09	1.15256	1.28187	0.66115
2018-08-10	1.1388099999999999	1.27226	0.65701
2018-08-13	1.13651	1.27298	0.65618
2018-08-14	1.133	1.27047	0.65681
2018-08-15	1.1301	1.26615	0.65443
2018-08-16	1.13358	1.26851	0.65555
2018-08-17	1.13664	1.26906	0.65794
2018-08-20	1.13943	1.27294	0.66105
2018-08-21	1.14786	1.27933	0.6634
2018-08-22	1.1553200000000001	1.2868	0.66814
2018-08-23	1.15297	1.2800099999999999	0.66273
2018-08-24	1.15348	1.27991	0.66198
2018-08-27	1.15944	1.28287	0.667
2018-08-28	1.16625	1.28613	0.66767
2018-08-29	1.16517	1.28451	0.6685
2018-08-30	1.16415	1.29848	0.66342
2018-08-31	1.15846	1.2944499999999999	0.66069
2018-09-03	1.15889	1.28549	0.65933
2018-09-04	1.15301	1.28103	0.65401
2018-09-05	1.15425	1.27854	0.65298
2018-09-06	1.16054	1.28908	0.6572
2018-09-07	1.15506	1.29081	0.65279
2018-09-10	1.1526	1.28968	0.65123
2018-09-11	1.1565400000000001	1.29633	0.65009
2018-09-12	1.157	1.2979	0.65024
2018-09-13	1.1609	1.30261	0.65428
2018-09-14	1.16206	1.30564	0.65431
2018-09-17	1.1617899999999999	1.30667	0.65385
2018-09-18	1.16521	1.31189	0.65615
2018-09-19	1.165	1.30972	0.65726
2018-09-20	1.16689	1.3134299999999999	0.66011
2018-09-21	1.17327	1.30545	0.66672
2018-09-24	1.17241	1.30625	0.664
2018-09-25	1.1730800000000001	1.3094700000000001	0.66299
2018-09-26	1.17259	1.31381	0.66344
2018-09-27	1.1639	1.30737	0.66072
2018-09-28	1.15697	1.3	0.65982
2018-10-01	1.15635	1.30119	0.65995
2018-10-02	1.15051	1.29409	0.65751
2018-10-03	1.14643	1.29239	0.65106
2018-10-04	1.14633	1.29216	0.64739
2018-10-05	1.14839	1.30031	0.64321
2018-10-08	1.14599	1.30279	0.64242
2018-10-09	1.14323	1.30328	0.64271
2018-10-10	1.14799	1.31287	0.64419
2018-10-11	1.15175	1.31752	0.64438
2018-10-12	1.15343	1.31458	0.64998
2018-10-15	1.15408	1.3084799999999999	0.64942
2018-10-16	1.1566	1.3131599999999999	0.65331
2018-10-17	1.14958	1.30992	0.65451
2018-10-18	1.14492	1.3016	0.65341
2018-10-19	1.14331	1.30111	0.65233
2018-10-22	1.14557	1.2953999999999999	0.65435
2018-10-23	1.14394	1.29368	0.65347
2018-10-24	1.13788	1.28671	0.6518
2018-10-25	1.13562	1.27963	0.65022
2018-10-26	1.13357	1.27767	0.64649
2018-10-29	1.13606	1.2790599999999999	0.64986
2018-10-30	1.13405	1.2695699999999999	0.65198
2018-10-31	1.13021	1.26933	0.6513
2018-11-01	1.13071	1.2760500000000001	0.65141
2018-11-02	1.1372200000000001	1.29513	0.66338
2018-11-05	1.13529	1.29642	0.66324
2018-11-06	1.1391499999999999	1.3020800000000001	0.66435
2018-11-07	1.13946	1.30732	0.6712
2018-11-08	1.13516	1.30447	0.67411
2018-11-09	1.13162	1.29579	0.67272
2018-11-12	1.12158	1.28271	0.67056
2018-11-13	1.12172	1.28345	0.67073
2018-11-14	1.12631	1.288	0.67524
2018-11-15	1.12704	1.27233	0.67853
2018-11-16	1.13214	1.27569	0.67982
2018-11-19	1.13938	1.27939	0.68164
2018-11-20	1.13587	1.27762	0.6783
2018-11-21	1.1365	1.27641	0.67815
2018-11-22	1.13801	1.27664	0.67886
2018-11-23	1.13273	1.27981	0.67655
2018-11-26	1.13249	1.27952	0.67568
2018-11-27	1.1277300000000001	1.27251	0.67536
2018-11-28	1.1267	1.2732	0.67837
2018-11-29	1.13487	1.27553	0.68378
2018-11-30	1.1305399999999999	1.27344	0.68516
2018-12-03	1.13192	1.26985	0.68887
2018-12-04	1.13184	1.26583	0.69178
2018-12-05	1.13107	1.2671999999999999	0.68894
2018-12-06	1.1320999999999999	1.26992	0.68562
2018-12-07	1.13604	1.27103	0.68463
2018-12-10	1.13504	1.2506599999999999	0.68402
2018-12-11	1.13063	1.24798	0.68621
2018-12-12	1.1314899999999999	1.24762	0.68244
2018-12-13	1.13311	1.25998	0.68418
2018-12-14	1.12699	1.25291	0.67777
2018-12-17	1.1301700000000001	1.25619	0.67846
2018-12-18	1.13366	1.2610000000000001	0.67958
2018-12-19	1.13598	1.26055	0.67629
2018-12-20	1.1369799999999999	1.26057	0.67246
2018-12-21	1.13562	1.26177	0.67058
2018-12-24	1.13603	1.26345	0.67103
2018-12-26	1.13427	1.26306	0.67158
2018-12-27	1.13504	1.26155	0.6693
2018-12-28	1.14261	1.2635100000000001	0.66925
2018-12-31	1.14213	1.26802	0.66913
2019-01-02	1.13252	1.2581	0.6652
2019-01-03	1.13063	1.2394	0.65628
2019-01-04	1.13456	1.26158	0.66702
2019-01-07	1.13952	1.27085	0.67261
2019-01-08	1.14219	1.27066	0.67072
2019-01-09	1.14367	1.27069	0.67202
2019-01-10	1.14844	1.27276	0.67711
2019-01-11	1.14581	1.27095	0.67752
2019-01-14	1.14506	1.2818399999999999	0.67963
2019-01-15	1.13819	1.26679	0.67998
2019-01-16	1.13778	1.2824499999999999	0.67552
2019-01-17	1.13701	1.28319	0.67275
2019-01-18	1.13532	1.28567	0.67368
2019-01-21	1.13567	1.2830300000000001	0.67133
2019-01-22	1.1335899999999999	1.28551	0.67067
2019-01-23	1.13504	1.29417	0.67422
2019-01-24	1.12894	1.3012000000000001	0.67558
2019-01-25	1.13005	1.30578	0.67468
2019-01-28	1.13901	1.3136700000000001	0.68249
2019-01-29	1.14112	1.30558	0.68154
2019-01-30	1.1406100000000001	1.30541	0.68207
2019-01-31	1.14356	1.3097400000000001	0.68832
2019-02-01	1.14343	1.3043	0.68916
2019-02-04	1.14243	1.30289	0.687
2019-02-05	1.14011	1.29247	0.68712
2019-02-06	1.13608	1.2925	0.67659
2019-02-07	1.1324	1.28538	0.67442
2019-02-08	1.1320999999999999	1.29211	0.67294
2019-02-11	1.12672	1.28449	0.67269
2019-02-12	1.12576	1.28327	0.67194
2019-02-13	1.12599	1.284	0.67269
2019-02-14	1.1249	1.27729	0.67929
2019-02-15	1.1234	1.2784499999999999	0.68093
2019-02-18	1.12949	1.2891599999999999	0.68393
2019-02-19	1.12755	1.28956	0.68148
2019-02-20	1.13248	1.30117	0.68499
2019-02-21	1.13194	1.3026	0.6797
2019-02-22	1.13161	1.29679	0.67574
2019-02-25	1.13282	1.30497	0.68523
2019-02-26	1.13451	1.30954	0.68709
2019-02-27	1.13622	1.32331	0.68346
2019-02-28	1.13592	1.32534	0.6796
2019-03-01	1.13533	1.31718	0.67938
2019-03-04	1.1309	1.31644	0.67961
2019-03-05	1.1289500000000001	1.30973	0.67687
2019-03-06	1.12854	1.31239	0.67528
2019-03-07	1.11763	1.3068	0.67447
2019-03-08	1.1185100000000001	1.2989899999999999	0.67466
2019-03-11	1.12218	1.2960099999999999	0.67869
2019-03-12	1.12437	1.30047	0.68265
2019-03-13	1.1277300000000001	1.3056	0.68289
2019-03-14	1.12941	1.32074	0.68085
2019-03-15	1.12976	1.32028	0.68127
2019-03-18	1.13191	1.3184	0.68395
2019-03-19	1.13333	1.32405	0.68405
2019-03-20	1.13355	1.3146	0.68277
2019-03-21	1.13425	1.30034	0.68569
2019-03-22	1.12734	1.30809	0.68654
2019-03-25	1.12859	1.31598	0.68702
2019-03-26	1.12632	1.31575	0.68942
2019-03-27	1.12422	1.31659	0.67868
2019-03-28	1.12136	1.30345	0.67745
2019-03-29	1.12098	1.29768	0.67738
2019-04-01	1.12041	1.30054	0.68036
2019-04-02	1.11837	1.30131	0.67387
2019-04-03	1.12002	1.3118	0.67438
2019-04-04	1.1206	1.306	0.67481
2019-04-05	1.121	1.2986900000000001	0.67185
2019-04-08	1.12105	1.30199	0.6722
2019-04-09	1.12551	1.30304	0.67365
2019-04-10	1.12295	1.30338	0.67378
2019-04-11	1.12498	1.30491	0.67227
2019-04-12	1.12511	1.30496	0.67135
2019-04-15	1.12974	1.3069	0.67505
2019-04-16	1.12796	1.3042500000000001	0.6741
2019-04-17	1.12786	1.30286	0.6666
2019-04-18	1.1226099999999999	1.29785	0.66726
2019-04-19	1.12272	1.2978399999999999	0.66758
2019-04-22	1.12357	1.29752	0.66727
2019-04-23	1.11921	1.29275	0.66292
2019-04-24	1.11406	1.28877	0.65816
2019-04-25	1.11177	1.28655	0.65802
2019-04-26	1.11108	1.2875	0.6617
2019-04-29	1.1145	1.2904900000000001	0.66509
2019-04-30	1.11756	1.29209	0.66546
2019-05-01	1.11869	1.30261	0.66161
2019-05-02	1.11706	1.3018100000000001	0.66079
2019-05-03	1.1135	1.29875	0.66061
2019-05-06	1.11687	1.30811	0.66011
2019-05-07	1.11666	1.3039399999999999	0.6588
2019-05-08	1.11827	1.2986900000000001	0.65257
2019-05-09	1.11733	1.29674	0.65692
2019-05-10	1.12128	1.29911	0.65828
2019-05-13	1.12211	1.29409	0.65638
2019-05-14	1.1201	1.29029	0.65642
2019-05-15	1.11779	1.28262	0.65505
2019-05-16	1.11661	1.27875	0.6532
2019-05-17	1.11551	1.27141	0.65139
2019-05-20	1.11505	1.27146	0.65204
2019-05-21	1.11419	1.2685	0.65002
2019-05-22	1.11486	1.26241	0.64917
2019-05-23	1.11067	1.26051	0.64816
2019-05-24	1.11714	1.26472	0.65121
2019-05-27	1.11869	1.26669	0.65402
2019-05-28	1.11592	1.26501	0.65397
2019-05-29	1.11242	1.26115	0.65042
2019-05-30	1.11159	1.25805	0.64949
2019-05-31	1.1125099999999999	1.2559	0.64974
2019-06-03	1.11602	1.26102	0.65265
2019-06-04	1.12264	1.26418	0.65752
2019-06-05	1.12198	1.26803	0.66031
2019-06-06	1.12005	1.2668599999999999	0.661
2019-06-07	1.12512	1.26857	0.6614
2019-06-10	1.129	1.26528	0.66014
2019-06-11	1.13011	1.26701	0.65684
2019-06-12	1.12824	1.26814	0.6566
2019-06-13	1.12683	1.2662	0.65558
2019-06-14	1.12025	1.25799	0.64881
2019-06-17	1.12036	1.25308	0.6491
2019-06-18	1.11813	1.25058	0.64902
2019-06-19	1.11871	1.25424	0.65136
2019-06-20	1.12259	1.26316	0.65346
2019-06-21	1.1283	1.26423	0.65541
2019-06-24	1.13664	1.2707899999999999	0.65851
2019-06-25	1.13441	1.26718	0.66151
2019-06-26	1.13473	1.2662499999999999	0.6594
2019-06-27	1.13477	1.26615	0.66712
2019-06-28	1.1350500000000001	1.2661	0.66902
2019-07-01	1.12809	1.26319	0.66646
2019-07-02	1.12751	1.25837	0.66562
2019-07-03	1.12684	1.2557	0.66668
2019-07-04	1.1273	1.25617	0.66772
2019-07-05	1.12073	1.2481	0.66019
2019-07-08	1.12069	1.24997	0.66154
2019-07-09	1.11933	1.24391	0.66003
2019-07-10	1.12018	1.24436	0.65671
2019-07-11	1.12452	1.24981	0.66405
2019-07-12	1.12381	1.2515399999999999	0.66537
2019-07-15	1.12533	1.251	0.66822
2019-07-16	1.12019	1.2396	0.66903
2019-07-17	1.11996	1.23818	0.66921
2019-07-18	1.12051	1.24246	0.67219
2019-07-19	1.1203400000000001	1.2476	0.67582
2019-07-22	1.12061	1.24553	0.67567
2019-07-23	1.11457	1.24177	0.67021
2019-07-24	1.11269	1.24269	0.66916
2019-07-25	1.11013	1.24366	0.66538
2019-07-26	1.11119	1.23759	0.6626
2019-07-29	1.11128	1.22122	0.66158
2019-07-30	1.1132	1.21189	0.66022
2019-07-31	1.10602	1.21339	0.65427
2019-08-01	1.10267	1.20794	0.6534
2019-08-02	1.10697	1.20899	0.65051
2019-08-05	1.11044	1.2101600000000001	0.64884
2019-08-06	1.11673	1.21355	0.65085
2019-08-07	1.1179000000000001	1.2121	0.63776
2019-08-08	1.11768	1.20949	0.64334
2019-08-09	1.11776	1.20241	0.64586
2019-08-12	1.11618	1.20147	0.64383
2019-08-13	1.117	1.20416	0.64214
2019-08-14	1.11304	1.20446	0.6421
2019-08-15	1.1091199999999999	1.20506	0.64272
2019-08-16	1.10663	1.20706	0.64225
2019-08-19	1.10761	1.21045	0.64019
2019-08-20	1.10656	1.2064	0.64019
2019-08-21	1.10802	1.21122	0.63948
2019-08-22	1.10635	1.21083	0.63599
2019-08-23	1.10516	1.2194	0.63599
2019-08-26	1.10941	1.22078	0.63419
2019-08-27	1.10857	1.22086	0.63575
2019-08-28	1.10733	1.21555	0.63259
2019-08-29	1.1042	1.21718	0.63042
2019-08-30	1.09631	1.21393	0.6283
2019-09-02	1.09578	1.20357	0.62893
2019-09-03	1.0925799999999999	1.19584	0.6269
2019-09-04	1.09684	1.20773	0.63253
2019-09-05	1.10164	1.22099	0.6354
2019-09-06	1.10201	1.22791	0.63633
2019-09-09	1.10154	1.2233100000000001	0.64125
2019-09-10	1.10305	1.23064	0.64091
2019-09-11	1.0985	1.23122	0.64066
2019-09-12	1.09266	1.22831	0.6399
2019-09-13	1.10553	1.23248	0.6372
2019-09-16	1.09932	1.2399	0.63412
2019-09-17	1.099	1.23923	0.63218
2019-09-18	1.10135	1.24387	0.62997
2019-09-19	1.10229	1.24376	0.62965
2019-09-20	1.09961	1.2459	0.6255
2019-09-23	1.0966	1.24124	0.62579
2019-09-24	1.09836	1.24138	0.62874
2019-09-25	1.09372	1.23446	0.62659
2019-09-26	1.09083	1.23024	0.62658
2019-09-27	1.09043	1.22703	0.62788
2019-09-30	1.08847	1.22755	0.62491
2019-10-01	1.0879	1.22048	0.62035
2019-10-02	1.09039	1.22267	0.62188
2019-10-03	1.09408	1.22654	0.6255
2019-10-04	1.0957	1.22759	0.62955
2019-10-07	1.09618	1.22868	0.62832
2019-10-08	1.09408	1.2195	0.62844
2019-10-09	1.09497	1.21975	0.62882
2019-10-10	1.09694	1.22012	0.62771
2019-10-11	1.10009	1.24039	0.63143
2019-10-14	1.10125	1.25156	0.6281
2019-10-15	1.09912	1.26021	0.62583
2019-10-16	1.10222	1.26556	0.62405
2019-10-17	1.1065	1.27485	0.62825
2019-10-18	1.11145	1.2839	0.63426
2019-10-21	1.11384	1.28734	0.63704
2019-10-22	1.11175	1.28616	0.63978
2019-10-23	1.11061	1.28409	0.63858
2019-10-24	1.10929	1.2788599999999999	0.63743
2019-10-25	1.10728	1.28039	0.63478
2019-10-28	1.1076	1.2811	0.63338
2019-10-29	1.10734	1.28061	0.63387
2019-10-30	1.108	1.2845	0.63331
2019-10-31	1.11313	1.28922	0.63848
2019-11-01	1.11281	1.29247	0.64065
2019-11-04	1.11247	1.2876	0.63901
2019-11-05	1.10634	1.2858800000000001	0.63697
2019-11-06	1.10648	1.2844	0.63598
2019-11-07	1.10357	1.27939	0.63417
2019-11-08	1.10166	1.27685	0.6322
2019-11-11	1.10163	1.27854	0.63266
2019-11-12	1.1002399999999999	1.28153	0.63249
2019-11-13	1.09953	1.28216	0.63278
2019-11-14	1.0989	1.28246	0.63588
2019-11-15	1.10145	1.28671	0.63719
2019-11-18	1.1048	1.29077	0.63899
2019-11-19	1.1062400000000001	1.2910300000000001	0.63819
2019-11-20	1.10529	1.28867	0.64039
2019-11-21	1.10521	1.2892700000000001	0.63956
2019-11-22	1.10142	1.2821799999999999	0.63956
2019-11-25	1.10034	1.28409	0.63945
2019-11-26	1.1007	1.2834699999999999	0.64057
2019-11-27	1.09922	1.28271	0.64131
2019-11-28	1.09988	1.28991	0.64022
2019-11-29	1.09811	1.2879	0.64091
2019-12-02	1.10028	1.2896	0.64241
2019-12-03	1.1066	1.29303	0.64935
2019-12-04	1.10667	1.2982	0.65032
2019-12-05	1.10766	1.31019	0.65196
2019-12-06	1.10397	1.3100399999999999	0.65409
2019-12-09	1.10532	1.3131599999999999	0.65436
2019-12-10	1.10627	1.31324	0.65284
2019-12-11	1.10702	1.31071	0.65224
2019-12-12	1.11029	1.30505	0.65741
2019-12-13	1.11119	1.33056	0.65816
2019-12-16	1.11225	1.3321	0.65881
2019-12-17	1.11291	1.30992	0.65645
2019-12-18	1.11103	1.306	0.65541
2019-12-19	1.11071	1.29897	0.65727
2019-12-20	1.10661	1.29788	0.65885
2019-12-23	1.10698	1.29044	0.65975
2019-12-24	1.10691	1.29093	0.66022
2019-12-26	1.10821	1.29507	0.66244
2019-12-27	1.10933	1.29681	0.66651
2019-12-30	1.11717	1.30612	0.6696
2019-12-31	1.11971	1.31032	0.67076
2020-01-02	1.11635	1.31152	0.66844
2020-01-03	1.11249	1.30533	0.6644
2020-01-06	1.11571	1.3062	0.66441
2020-01-07	1.11335	1.30948	0.66249
2020-01-08	1.11018	1.308	0.66174
2020-01-09	1.10923	1.30129	0.65999
2020-01-10	1.1085	1.30424	0.66015
2020-01-13	1.11124	1.29609	0.66202
2020-01-14	1.11042	1.29542	0.66032
2020-01-15	1.11184	1.29847	0.65837
2020-01-16	1.11277	1.30253	0.66155
2020-01-17	1.10861	1.30077	0.6607
2020-01-20	1.10765	1.29619	0.6592
2020-01-21	1.10806	1.29952	0.65876
2020-01-22	1.10701	1.30346	0.65812
2020-01-23	1.1036299999999999	1.30968	0.65809
2020-01-24	1.10195	1.30567	0.6599
2020-01-27	1.10096	1.30396	0.6542
2020-01-28	1.09978	1.29749	0.65208
2020-01-29	1.09923	1.29893	0.65056
2020-01-30	1.10067	1.29776	0.64801
2020-01-31	1.10168	1.30815	0.6454
2020-02-03	1.10351	1.29829	0.64525
2020-02-04	1.10328	1.2941099999999999	0.64494
2020-02-05	1.09936	1.29568	0.6469
2020-02-06	1.09643	1.29206	0.64536
2020-02-07	1.09418	1.28812	0.63979
2020-02-10	1.09076	1.28718	0.63818
2020-02-11	1.08911	1.28941	0.63781
2020-02-12	1.08652	1.29481	0.63999
2020-02-13	1.0834	1.2943799999999999	0.64282
2020-02-14	1.08271	1.30011	0.64229
2020-02-17	1.0829	1.2998	0.64204
2020-02-18	1.07851	1.29705	0.63813
2020-02-19	1.0782	1.29075	0.63708
2020-02-20	1.0777700000000001	1.28491	0.63247
2020-02-21	1.07834	1.28748	0.6303
2020-02-24	1.0805	1.28865	0.63035
2020-02-25	1.08301	1.29082	0.6311
2020-02-26	1.08549	1.28948	0.62863
2020-02-27	1.0875	1.28601	0.62834
2020-02-28	1.09508	1.27257	0.61912
2020-03-02	1.1036299999999999	1.27394	0.62021
2020-03-03	1.10951	1.27383	0.62464
2020-03-04	1.10954	1.27699	0.6264
2020-03-05	1.11195	1.28606	0.62802
2020-03-06	1.12111	1.29387	0.62941
2020-03-09	1.13354	1.30342	0.59949
2020-03-10	1.12746	1.28817	0.62421
2020-03-11	1.12572	1.28042	0.62525
2020-03-12	1.10552	1.24909	0.60783
2020-03-13	1.10549	1.22659	0.60172
2020-03-16	1.1085099999999999	1.22019	0.59831
2020-03-17	1.09547	1.20012	0.5915
2020-03-18	1.08015	1.145	0.56946
2020-03-19	1.06549	1.14721	0.54686
2020-03-20	1.06373	1.14097	0.56069
2020-03-23	1.06357	1.14459	0.55864
2020-03-24	1.07212	1.14802	0.56841
2020-03-25	1.076	1.1638600000000001	0.57873
2020-03-26	1.08699	1.17761	0.57771
2020-03-27	1.09532	1.21302	0.59094
2020-03-30	1.10098	1.23171	0.59831
2020-03-31	1.09264	1.2242	0.59091
2020-04-01	1.09026	1.23299	0.58788
2020-04-02	1.08205	1.23479	0.58806
2020-04-03	1.0772599999999999	1.22043	0.58432
2020-04-06	1.07683	1.2209699999999999	0.58501
2020-04-07	1.07835	1.21651	0.59192
2020-04-08	1.08299	1.22878	0.59398
2020-04-09	1.08408	1.23604	0.59853
2020-04-10	1.09187	1.24336	0.60523
2020-04-13	1.08926	1.24427	0.60593
2020-04-14	1.08992	1.24989	0.60649
2020-04-15	1.08563	1.24365	0.5955
2020-04-16	1.08166	1.24079	0.59212
2020-04-17	1.08119	1.24066	0.59567
2020-04-20	1.08409	1.2416	0.60088
2020-04-21	1.08165	1.22471	0.59335
2020-04-22	1.08032	1.22743	0.59396
2020-04-23	1.0756000000000001	1.23076	0.59103
2020-04-24	1.0727	1.22981	0.59757
2020-04-27	1.08111	1.23591	0.59971
2020-04-28	1.08094	1.24035	0.5992
2020-04-29	1.08171	1.23889	0.60483
2020-04-30	1.08329	1.24284	0.61066
2020-05-01	1.09343	1.24829	0.60464
2020-05-04	1.08957	1.24051	0.60081
2020-05-05	1.08258	1.24198	0.60328
2020-05-06	1.07819	1.2335	0.60032
2020-05-07	1.0766499999999999	1.22662	0.59944
2020-05-08	1.08147	1.23472	0.60843
2020-05-11	1.08005	1.22825	0.60537
2020-05-12	1.07843	1.22554	0.60409
2020-05-13	1.08116	1.221	0.59801
2020-05-14	1.07747	1.21654	0.59568
2020-05-15	1.07887	1.21006	0.59207
2020-05-18	1.07997	1.20744	0.59239
2020-05-19	1.0902	1.21835	0.60325
2020-05-20	1.09185	1.22211	0.60622
2020-05-21	1.09371	1.21849	0.61057
2020-05-22	1.08854	1.21612	0.60806
2020-05-25	1.08705	1.21637	0.60832
2020-05-26	1.08914	1.21747	0.6086
2020-05-27	1.09338	1.22042	0.6149
2020-05-28	1.09915	1.22334	0.61693
2020-05-29	1.10691	1.22901	0.6168
2020-06-01	1.11004	1.23227	0.61842
2020-06-02	1.1115	1.24782	0.62627
2020-06-03	1.11666	1.2543	0.63561
2020-06-04	1.11946	1.25003	0.64033
2020-06-05	1.12781	1.25826	0.64543
2020-06-08	1.12682	1.26279	0.64917
2020-06-09	1.12409	1.26177	0.64686
2020-06-10	1.13205	1.2706	0.64947
2020-06-11	1.12886	1.25861	0.64108
2020-06-12	1.12125	1.24735	0.63936
2020-06-15	1.1226099999999999	1.24538	0.63807
2020-06-16	1.12276	1.25522	0.6412
2020-06-17	1.12067	1.25112	0.64264
2020-06-18	1.11854	1.24019	0.64186
2020-06-19	1.11681	1.23438	0.64004
2020-06-22	1.11682	1.23352	0.63831
2020-06-23	1.12328	1.24318	0.64361
2020-06-24	1.12482	1.2414	0.64046
2020-06-25	1.11904	1.23889	0.63987
2020-06-26	1.11949	1.23141	0.64021
2020-06-29	1.12158	1.2251400000000001	0.64039
2020-06-30	1.11911	1.22579	0.63848
2020-07-01	1.11843	1.23592	0.64399
2020-07-02	1.12232	1.24557	0.64726
2020-07-03	1.12191	1.24378	0.64968
2020-07-06	1.12407	1.24571	0.65167
2020-07-07	1.12587	1.24623	0.65193
2020-07-08	1.12623	1.25085	0.65296
2020-07-09	1.12801	1.2598099999999999	0.65509
2020-07-10	1.12547	1.25666	0.65459
2020-07-13	1.13009	1.25502	0.65372
2020-07-14	1.13251	1.24799	0.65026
2020-07-15	1.13887	1.25481	0.6522
2020-07-16	1.13703	1.252	0.65277
2020-07-17	1.13752	1.2511700000000001	0.65284
2020-07-20	1.14024	1.25179	0.65382
2020-07-21	1.14229	1.2650000000000001	0.65587
2020-07-22	1.15068	1.2643900000000001	0.66323
2020-07-23	1.15402	1.26726	0.66255
2020-07-24	1.15811	1.27168	0.66144
2020-07-27	1.16408	1.2776100000000001	0.66244
2020-07-28	1.16984	1.28381	0.66329
2020-07-29	1.17119	1.29116	0.6641
2020-07-30	1.1730800000000001	1.2944499999999999	0.66197
2020-07-31	1.1761300000000001	1.30677	0.66228
2020-08-03	1.16955	1.30048	0.6575
2020-08-04	1.17211	1.29814	0.65891
2020-08-05	1.17925	1.30527	0.66142
2020-08-06	1.1818	1.31086	0.6628
2020-08-07	1.1755	1.30091	0.65889
2020-08-10	1.17357	1.30191	0.65774
2020-08-11	1.1722	1.30413	0.65712
2020-08-12	1.17109	1.3005200000000001	0.65235
2020-08-13	1.178	1.30271	0.65363
2020-08-14	1.17815	1.3044799999999999	0.65264
2020-08-17	1.18285	1.30738	0.65191
2020-08-18	1.18615	1.3094000000000001	0.6534
2020-08-19	1.18302	1.30935	0.6554
2020-08-20	1.18019	1.3064200000000001	0.64885
2020-08-21	1.17541	1.30588	0.65166
2020-08-24	1.17842	1.30529	0.65214
2020-08-25	1.17841	1.30523	0.65148
2020-08-26	1.17721	1.31171	0.6543
2020-08-27	1.17622	1.31607	0.66
2020-08-28	1.18107	1.3186200000000001	0.6626
2020-08-31	1.18837	1.3301	0.67189
2020-09-01	1.19012	1.3356	0.67156
2020-09-02	1.18219	1.3283	0.67415
2020-09-03	1.17888	1.3242099999999999	0.66934
2020-09-04	1.17807	1.31756	0.66673
2020-09-07	1.1811	1.314	0.66901
2020-09-08	1.17655	1.29802	0.66125
2020-09-09	1.17526	1.28844	0.66007
2020-09-10	1.17954	1.2772999999999999	0.66387
2020-09-11	1.18107	1.27615	0.66404
2020-09-14	1.18319	1.27719	0.66573
2020-09-15	1.18392	1.28144	0.66835
2020-09-16	1.17872	1.28751	0.67024
2020-09-17	1.17373	1.28647	0.6675
2020-09-18	1.1826	1.29143	0.67436
2020-09-21	1.17317	1.2775400000000001	0.66516
2020-09-22	1.16913	1.27104	0.66223
2020-09-23	1.1651	1.26745	0.65356
2020-09-24	1.1626400000000001	1.26904	0.65112
2020-09-25	1.16121	1.2687300000000001	0.65274
2020-09-28	1.16148	1.27511	0.65393
2020-09-29	1.16601	1.28221	0.65478
2020-09-30	1.16846	1.28052	0.65693
2020-10-01	1.1717	1.28197	0.6609
2020-10-02	1.16957	1.28362	0.66132
2020-10-05	1.17053	1.2899	0.66297
2020-10-06	1.17317	1.28671	0.65836
2020-10-07	1.17249	1.2842799999999999	0.65709
2020-10-08	1.17326	1.28909	0.65465
2020-10-09	1.17484	1.29108	0.65683
2020-10-12	1.17866	1.3005200000000001	0.66419
2020-10-13	1.17304	1.29216	0.66283
2020-10-14	1.17195	1.28626	0.6644
2020-10-15	1.16885	1.28905	0.65761
2020-10-16	1.16938	1.28612	0.65865
2020-10-19	1.17029	1.28952	0.65989
2020-10-20	1.17599	1.29109	0.6553
2020-10-21	1.18201	1.29285	0.65702
2020-10-22	1.18113	1.30701	0.66321
2020-10-23	1.17866	1.30189	0.66563
2020-10-26	1.18032	1.29923	0.66701
2020-10-27	1.17925	1.29977	0.66637
2020-10-28	1.17177	1.2916400000000001	0.66286
2020-10-29	1.16501	1.28808	0.65969
2020-10-30	1.164	1.2898399999999999	0.6598
2020-11-02	1.16219	1.28542	0.65891
2020-11-03	1.16297	1.29085	0.66213
2020-11-04	1.16024	1.29144	0.66143
2020-11-05	1.17107	1.2929599999999999	0.66787
2020-11-06	1.17953	1.30925	0.67513
2020-11-09	1.1795200000000001	1.3118	0.67826
2020-11-10	1.17798	1.31547	0.68035
2020-11-11	1.17455	1.31911	0.68087
2020-11-12	1.17586	1.31064	0.68349
2020-11-13	1.17987	1.31089	0.68105
2020-11-16	1.18141	1.3165499999999999	0.68414
2020-11-17	1.18422	1.3188	0.68749
2020-11-18	1.18491	1.32431	0.68753
2020-11-19	1.1816200000000001	1.31961	0.68787
2020-11-20	1.18497	1.32415	0.69039
2020-11-23	1.17998	1.32638	0.6897
2020-11-24	1.18325	1.32929	0.6917
2020-11-25	1.18819	1.33041	0.69599
2020-11-26	1.18853	1.33219	0.69928
2020-11-27	1.19065	1.32843	0.70004
2020-11-30	1.19229	1.32922	0.70092
2020-12-01	1.19229	1.33156	0.70078
2020-12-02	1.2039900000000001	1.32873	0.70318
2020-12-03	1.2101	1.33493	0.70505
2020-12-04	1.21099	1.3409900000000001	0.70274
2020-12-07	1.20786	1.32243	0.70054
2020-12-08	1.20955	1.32894	0.70234
2020-12-09	1.20585	1.33439	0.70111
2020-12-10	1.2074	1.32455	0.70108
2020-12-11	1.21055	1.31339	0.70736
2020-12-14	1.21157	1.329	0.70766
2020-12-15	1.21212	1.32802	0.70589
2020-12-16	1.21249	1.34344	0.70537
2020-12-17	1.21898	1.34952	0.71017
2020-12-18	1.22256	1.34714	0.71101
2020-12-21	1.2129699999999999	1.31878	0.70023
2020-12-22	1.21521	1.3304	0.7031
2020-12-23	1.2154099999999999	1.33444	0.70296
2020-12-24	1.21775	1.34871	0.70806
2020-12-28	1.21794	1.34294	0.70835
2020-12-29	1.22071	1.34396	0.70873
2020-12-30	1.22473	1.34871	0.71377
2020-12-31	1.22093	1.35974	0.71819
2021-01-04	1.22151	1.35419	0.71528
2021-01-05	1.22416	1.35541	0.7165
2021-01-06	1.22658	1.3538000000000001	0.72353
2021-01-07	1.2245300000000001	1.3532600000000001	0.72246
2021-01-08	1.21932	1.35381	0.72043
2021-01-11	1.21323	1.34504	0.71464
2021-01-12	1.21373	1.34996	0.71571
2021-01-13	1.21399	1.36116	0.7166
2021-01-14	1.21112	1.36161	0.7171
2021-01-15	1.20751	1.35725	0.71186
2021-01-18	1.20537	1.35195	0.70963
2021-01-19	1.2074	1.35724	0.71026
2021-01-20	1.20768	1.36235	0.71148
2021-01-21	1.21021	1.36478	0.71689
2021-01-22	1.21516	1.36357	0.71666
2021-01-25	1.21159	1.36487	0.71707
2021-01-26	1.2107700000000001	1.36098	0.71671
2021-01-27	1.20585	1.3659	0.71463
2021-01-28	1.20806	1.36301	0.71056
2021-01-29	1.20944	1.36573	0.71505
2021-02-01	1.2056	1.36563	0.71502
2021-02-02	1.20116	1.36112	0.71348
2021-02-03	1.2004	1.36192	0.71836
2021-02-04	1.19575	1.35659	0.71471
2021-02-05	1.1952099999999999	1.36575	0.71361
2021-02-08	1.20197	1.36804	0.7178
2021-02-09	1.20451	1.37317	0.72154
2021-02-10	1.21088	1.3802400000000001	0.71993
2021-02-11	1.21134	1.38005	0.72042
2021-02-12	1.20814	1.37756	0.71755
2021-02-15	1.21167	1.38477	0.72089
2021-02-16	1.20949	1.38693	0.71976
2021-02-17	1.20233	1.3829500000000001	0.71575
2021-02-18	1.20355	1.38395	0.71759
2021-02-19	1.20822	1.39512	0.72033
2021-02-22	1.20911	1.3980299999999999	0.72809
2021-02-23	1.21352	1.40541	0.73069
2021-02-24	1.21092	1.40821	0.73142
2021-02-25	1.21559	1.40001	0.73593
2021-02-26	1.20621	1.3887800000000001	0.72227
2021-03-01	1.2027700000000001	1.39039	0.72249
2021-03-02	1.19915	1.38588	0.72092
2021-03-03	1.20428	1.39207	0.72369
2021-03-04	1.19615	1.38803	0.71724
2021-03-05	1.18932	1.37786	0.70991
2021-03-08	1.18441	1.37999	0.71044
2021-03-09	1.18354	1.3801999999999999	0.71027
2021-03-10	1.18687	1.38453	0.71312
2021-03-11	1.1916	1.39187	0.71603
2021-03-12	1.19099	1.38632	0.71504
2021-03-15	1.1911	1.38535	0.71673
2021-03-16	1.18821	1.38093	0.71673
2021-03-17	1.18862	1.38509	0.71533
2021-03-18	1.19061	1.3897300000000001	0.71594
2021-03-19	1.18738	1.38308	0.71422
2021-03-22	1.18732	1.3817599999999999	0.71386
2021-03-23	1.18422	1.37405	0.69904
2021-03-24	1.18097	1.3674	0.69556
2021-03-25	1.17618	1.36703	0.69431
2021-03-26	1.17634	1.37259	0.69448
2021-03-29	1.17608	1.37557	0.69714
2021-03-30	1.17116	1.37061	0.69726
2021-03-31	1.17041	1.3716	0.69631
2021-04-01	1.1712500000000001	1.37463	0.69455
2021-04-02	1.17489	1.38096	0.70085
2021-04-05	1.17381	1.38128	0.70157
2021-04-06	1.17951	1.3801999999999999	0.70079
2021-04-07	1.18608	1.37242	0.6997
2021-04-08	1.18606	1.37187	0.70035
2021-04-09	1.18671	1.367	0.70095
2021-04-12	1.18711	1.36688	0.70137
2021-04-13	1.18778	1.36939	0.70039
2021-04-14	1.19469	1.3746	0.7044
2021-04-15	1.1956	1.37615	0.7134
2021-04-16	1.19503	1.37164	0.71319
2021-04-19	1.19425	1.38095	0.71217
2021-04-20	1.20224	1.39261	0.71653
2021-04-21	1.19985	1.38855	0.71622
2021-04-22	1.19936	1.38236	0.71457
2021-04-23	1.20128	1.38315	0.71506
2021-04-26	1.20611	1.38643	0.71884
2021-04-27	1.20566	1.38585	0.72013
2021-04-28	1.20561	1.38611	0.71882
2021-04-29	1.2102	1.39318	0.72222
2021-04-30	1.20164	1.38025	0.71507
2021-05-03	1.2013	1.3801	0.71555
2021-05-04	1.19991	1.38381	0.71152
2021-05-05	1.19861	1.3876	0.7139
2021-05-06	1.1993	1.3856600000000001	0.71846
2021-05-07	1.20528	1.38826	0.72052
2021-05-10	1.21277	1.39945	0.72608
2021-05-11	1.21229	1.41039	0.72515
2021-05-12	1.20655	1.40499	0.71513
2021-05-13	1.20514	1.40056	0.71347
2021-05-14	1.20708	1.40357	0.71659
2021-05-17	1.2126000000000001	1.40773	0.71814
2021-05-18	1.21488	1.4130099999999999	0.7199
2021-05-19	1.21598	1.40997	0.71515
2021-05-20	1.21688	1.4101	0.71566
2021-05-21	1.21608	1.41405	0.71542
2021-05-24	1.2172399999999999	1.41113	0.7158
2021-05-25	1.22115	1.41154	0.71904
2021-05-26	1.2181899999999999	1.41122	0.72155
2021-05-27	1.21751	1.40912	0.72657
2021-05-28	1.21326	1.4136199999999999	0.72125
2021-05-31	1.21833	1.4163700000000001	0.72312
2021-06-01	1.22118	1.41465	0.72463
2021-06-02	1.21641	1.4111799999999999	0.72091
2021-06-03	1.21182	1.4086699999999999	0.71254
2021-06-04	1.21039	1.40832	0.71325
2021-06-07	1.21448	1.41113	0.71891
2021-06-08	1.21642	1.41209	0.71874
2021-06-09	1.2171	1.411	0.71672
2021-06-10	1.21433	1.40734	0.71648
2021-06-11	1.20926	1.40958	0.71159
2021-06-14	1.20941	1.40702	0.71258
2021-06-15	1.21012	1.4034200000000001	0.71049
2021-06-16	1.19952	1.39821	0.70422
2021-06-17	1.18917	1.38958	0.69918
2021-06-18	1.18472	1.37916	0.69228
2021-06-21	1.18475	1.37863	0.69337
2021-06-22	1.18808	1.38601	0.6963
2021-06-23	1.19115	1.39239	0.69952
2021-06-24	1.19176	1.38896	0.70291
2021-06-25	1.19263	1.38713	0.70536
2021-06-28	1.19022	1.3871	0.70328
2021-06-29	1.18775	1.3814	0.69794
2021-06-30	1.18451	1.3798599999999999	0.6965
2021-07-01	1.18373	1.37528	0.69615
2021-07-02	1.18069	1.37314	0.6947
2021-07-05	1.18513	1.38172	0.70089
2021-07-06	1.18072	1.37728	0.6988
2021-07-07	1.17815	1.37537	0.69891
2021-07-08	1.17835	1.3742	0.69346
2021-07-09	1.1825	1.37554	0.6923
2021-07-12	1.18361	1.3839000000000001	0.69482
2021-07-13	1.17721	1.37999	0.69173
2021-07-14	1.17718	1.38013	0.69388
2021-07-15	1.17961	1.38048	0.69651
2021-07-16	1.17921	1.37604	0.69708
2021-07-19	1.17638	1.36547	0.69159
2021-07-20	1.17556	1.35717	0.68807
2021-07-21	1.17519	1.35911	0.6894
2021-07-22	1.17573	1.36903	0.69465
2021-07-23	1.17543	1.37199	0.69555
2021-07-26	1.17633	1.37369	0.69475
2021-07-27	1.177	1.37667	0.69394
2021-07-28	1.17719	1.38432	0.6901
2021-07-29	1.18394	1.38979	0.69451
2021-07-30	1.18515	1.38879	0.69591
2021-08-02	1.18589	1.38754	0.69511
2021-08-03	1.18535	1.38746	0.6962
2021-08-04	1.18326	1.38856	0.70102
2021-08-05	1.1828	1.3872200000000001	0.70368
2021-08-06	1.17542	1.38612	0.70013
2021-08-09	1.17348	1.38407	0.69807
2021-08-10	1.17097	1.38275	0.69684
2021-08-11	1.1706	1.38026	0.69913
2021-08-12	1.17235	1.37948	0.69958
2021-08-13	1.17292	1.3790499999999999	0.69943
2021-08-16	1.17672	1.38277	0.70106
2021-08-17	1.1708	1.37259	0.68998
2021-08-18	1.1693500000000001	1.37274	0.68681
2021-08-19	1.16656	1.36319	0.68086
2021-08-20	1.16639	1.36021	0.68052
2021-08-23	1.16922	1.36082	0.68219
2021-08-24	1.17271	1.36936	0.68789
2021-08-25	1.1726	1.36966	0.69296
2021-08-26	1.17459	1.36893	0.6941
2021-08-27	1.17349	1.3679700000000001	0.69328
2021-08-30	1.17828	1.37336	0.69865
2021-08-31	1.17948	1.37426	0.69913
2021-09-01	1.17935	1.37309	0.70344
2021-09-02	1.18342	1.37671	0.70567
2021-09-03	1.18656	1.38177	0.71028
2021-09-06	1.18556	1.38183	0.71275
2021-09-07	1.18373	1.37675	0.70866
2021-09-08	1.1802	1.37262	0.70757
2021-09-09	1.18051	1.3753199999999999	0.70821
2021-09-10	1.18094	1.3826	0.70895
2021-09-13	1.1770100000000001	1.3796599999999999	0.70975
2021-09-14	1.17999	1.38033	0.70823
2021-09-15	1.1798899999999999	1.37924	0.7073
2021-09-16	1.17504	1.37642	0.70592
2021-09-17	1.17245	1.37271	0.70255
2021-09-20	1.17002	1.36405	0.70054
2021-09-21	1.17147	1.3641	0.69933
2021-09-22	1.16844	1.36091	0.69916
2021-09-23	1.16833	1.36097	0.69814
2021-09-24	1.17005	1.36577	0.69967
2021-09-27	1.16845	1.36578	0.69905
2021-09-28	1.1668	1.35206	0.69427
2021-09-29	1.15892	1.34116	0.68591
2021-09-30	1.15624	1.34154	0.68596
2021-10-01	1.15628	1.34333	0.68765
2021-10-04	1.15876	1.35314	0.69263
2021-10-05	1.15804	1.3584399999999999	0.69277
2021-10-06	1.1529	1.35437	0.68763
2021-10-07	1.15471	1.35703	0.69062
2021-10-08	1.15412	1.35832	0.69082
2021-10-11	1.15489	1.35839	0.69137
2021-10-12	1.15244	1.35683	0.69234
2021-10-13	1.15288	1.3575599999999999	0.69113
2021-10-14	1.15838	1.36531	0.69595
2021-10-15	1.15879	1.36676	0.7026
2021-10-18	1.15716	1.37091	0.70492
2021-10-19	1.16083	1.37212	0.7076
2021-10-20	1.1616900000000001	1.37421	0.71464
2021-10-21	1.16194	1.37759	0.71406
2021-10-22	1.1621	1.37355	0.71316
2021-10-25	1.15906	1.37401	0.71299
2021-10-26	1.15849	1.3756599999999999	0.71495
2021-10-27	1.15848	1.37093	0.71315
2021-10-28	1.1582	1.3721999999999999	0.71515
2021-10-29	1.1535	1.36682	0.71359
2021-11-01	1.15459	1.36417	0.71516
2021-11-02	1.1575	1.36053	0.70926
2021-11-03	1.15621	1.36072	0.71034
2021-11-04	1.15282	1.34711	0.7095
2021-11-05	1.1513200000000001	1.34243	0.70724
2021-11-08	1.15503	1.345	0.71035
2021-11-09	1.15697	1.35241	0.71093
2021-11-10	1.1476	1.34009	0.70552
2021-11-11	1.1443	1.33585	0.70122
2021-11-12	1.14328	1.3353	0.69967
2021-11-15	1.13562	1.34032	0.70319
2021-11-16	1.1309	1.34049	0.69848
2021-11-17	1.12635	1.33957	0.69797
2021-11-18	1.13136	1.34636	0.6991
2021-11-19	1.12499	1.3407	0.69911
2021-11-22	1.12306	1.33842	0.69481
2021-11-23	1.12259	1.3342399999999999	0.69156
2021-11-24	1.1186	1.33158	0.68554
2021-11-25	1.1199	1.33053	0.684
2021-11-26	1.12052	1.32778	0.68046
2021-11-29	1.12583	1.3287499999999999	0.67876
2021-11-30	1.12352	1.31942	0.67723
2021-12-01	1.13024	1.32617	0.6803
2021-12-02	1.12951	1.3266	0.67992
2021-12-03	1.12665	1.32085	0.67409
2021-12-06	1.12665	1.32224	0.67399
2021-12-07	1.12274	1.32089	0.67363
2021-12-08	1.12639	1.31601	0.67666
2021-12-09	1.1278299999999999	1.31703	0.67804
2021-12-10	1.12649	1.3187	0.67694
2021-12-13	1.126	1.3207	0.67455
2021-12-14	1.12536	1.3191	0.6735
2021-12-15	1.12218	1.3171599999999999	0.6701
2021-12-16	1.12811	1.3241	0.67569
2021-12-17	1.12348	1.32304	0.67308
2021-12-20	1.12344	1.31732	0.6702
2021-12-21	1.12608	1.31974	0.67029
2021-12-22	1.12642	1.32397	0.67393
2021-12-23	1.129	1.33388	0.67952
2021-12-24	1.13033	1.3378999999999999	0.68015
2021-12-27	1.13028	1.33856	0.67887
2021-12-28	1.1289500000000001	1.34147	0.67888
2021-12-29	1.12736	1.34086	0.67886
2021-12-30	1.12985	1.34542	0.68159
2021-12-31	1.13032	1.34652	0.68203
2022-01-03	1.12795	1.3430900000000001	0.67743
2022-01-04	1.12721	1.34593	0.67645
2022-01-05	1.1277	1.35221	0.67899
2022-01-06	1.12845	1.34904	0.67329
2022-01-07	1.129	1.3527	0.6735
2022-01-10	1.12851	1.3532	0.67357
2022-01-11	1.13128	1.35613	0.674
2022-01-12	1.13544	1.36208	0.67733
2022-01-13	1.14356	1.36995	0.68269
2022-01-14	1.13986	1.36534	0.67924
2022-01-17	1.13916	1.3637299999999999	0.67869
2022-01-18	1.13147	1.35728	0.67525
2022-01-19	1.13188	1.35874	0.67635
2022-01-20	1.1303	1.35867	0.67497
2022-01-21	1.13009	1.35455	0.67077
2022-01-24	1.1290499999999999	1.34402	0.666
2022-01-25	1.12632	1.34362	0.66598
2022-01-26	1.12353	1.3444099999999999	0.66379
2022-01-27	1.11313	1.3357700000000001	0.657
2022-01-28	1.11214	1.33651	0.65295
2022-01-31	1.11381	1.33862	0.65388
2022-02-01	1.12207	1.3433899999999999	0.65657
2022-02-02	1.12664	1.35129	0.66235
2022-02-03	1.12669	1.35379	0.66091
2022-02-04	1.14115	1.35047	0.65897
2022-02-07	1.1415	1.34905	0.6596
2022-02-08	1.1396	1.35076	0.6627
2022-02-09	1.14024	1.3526500000000001	0.6641
2022-02-10	1.13748	1.3523100000000001	0.6653
2022-02-11	1.13296	1.3514	0.66268
2022-02-14	1.12799	1.34947	0.65924
2022-02-15	1.12963	1.34864	0.6602
2022-02-16	1.13449	1.35281	0.6633
2022-02-17	1.1323	1.35551	0.66587
2022-02-18	1.13141	1.35731	0.66844
2022-02-21	1.13066	1.35857	0.66827
2022-02-22	1.12878	1.35382	0.668
2022-02-23	1.1301	1.35358	0.67281
2022-02-24	1.11063	1.32725	0.66303
2022-02-25	1.11658	1.33663	0.66838
2022-02-28	1.11371	1.3321100000000001	0.66756
2022-03-01	1.10896	1.33022	0.67404
2022-03-02	1.10572	1.32715	0.67442
2022-03-03	1.10335	1.33173	0.67615
2022-03-04	1.08854	1.3202099999999999	0.67675
2022-03-07	1.08059	1.31017	0.68205
2022-03-08	1.08488	1.30819	0.67994
2022-03-09	1.08899	1.30878	0.6796
2022-03-10	1.09762	1.30813	0.68107
2022-03-11	1.0902	1.30273	0.6798
2022-03-14	1.09004	1.30007	0.67448
2022-03-15	1.0926	1.3000099999999999	0.67283
2022-03-16	1.09477	1.30282	0.67415
2022-03-17	1.10074	1.30876	0.68162
2022-03-18	1.1003	1.31108	0.68663
2022-03-21	1.10101	1.31265	0.68728
2022-03-22	1.09609	1.31199	0.68645
2022-03-23	1.09639	1.31739	0.6935
2022-03-24	1.09659	1.31568	0.69401
2022-03-25	1.09808	1.31588	0.6944
2022-03-28	1.09447	1.30666	0.68877
2022-03-29	1.09688	1.30506	0.68757
2022-03-30	1.10812	1.3082099999999999	0.69212
2022-03-31	1.10612	1.31052	0.6928
2022-04-01	1.10282	1.30862	0.6896
2022-04-04	1.09606	1.30931	0.69045
2022-04-05	1.08999	1.30667	0.69334
2022-04-06	1.08743	1.3045	0.68964
2022-04-07	1.08648	1.3051	0.68808
2022-04-08	1.08364	1.29822	0.6822
2022-04-11	1.08728	1.2989	0.68133
2022-04-12	1.08215	1.2993299999999999	0.68057
2022-04-13	1.08089	1.29726	0.67539
2022-04-14	1.07574	1.30335	0.67672
2022-04-15	1.07962	1.30393	0.67567
2022-04-18	1.077	1.30046	0.67151
2022-04-19	1.07611	1.29806	0.67196
2022-04-20	1.0783800000000001	1.29895	0.67257
2022-04-21	1.08238	1.30221	0.67266
2022-04-22	1.07706	1.28227	0.66255
2022-04-25	1.06966	1.26974	0.65818
2022-04-26	1.06357	1.25711	0.65612
2022-04-27	1.05144	1.25023	0.65274
2022-04-28	1.0471	1.24111	0.64518
2022-04-29	1.04909	1.24397	0.64513
2022-05-02	1.04902	1.2473	0.64118
2022-05-03	1.04921	1.24706	0.64105
2022-05-04	1.0506	1.24512	0.6422
2022-05-05	1.04926	1.23248	0.63928
2022-05-06	1.04827	1.2276	0.63942
2022-05-09	1.04952	1.22607	0.63198
2022-05-10	1.05253	1.22916	0.62758
2022-05-11	1.05016	1.22372	0.62809
2022-05-12	1.03539	1.21646	0.62163
2022-05-13	1.03493	1.21554	0.62226
2022-05-16	1.03889	1.22169	0.62281
2022-05-17	1.04282	1.23139	0.63047
2022-05-18	1.04603	1.23298	0.62904
2022-05-19	1.04602	1.23319	0.6291
2022-05-20	1.05327	1.24375	0.63634
2022-05-23	1.05553	1.24686	0.63823
2022-05-24	1.0661	1.2471700000000001	0.64228
2022-05-25	1.06419	1.24809	0.64162
2022-05-26	1.06625	1.2551700000000001	0.64466
2022-05-27	1.06971	1.25675	0.64723
2022-05-30	1.07257	1.26014	0.65237
2022-05-31	1.06789	1.25604	0.64828
2022-06-01	1.0627	1.24583	0.64648
2022-06-02	1.06444	1.2469000000000001	0.646
2022-06-03	1.0704	1.24853	0.65007
2022-06-06	1.0684	1.24765	0.64843
2022-06-07	1.06521	1.24301	0.64226
2022-06-08	1.06713	1.25131	0.64349
2022-06-09	1.06109	1.2487	0.63795
2022-06-10	1.05059	1.2301	0.6348
2022-06-13	1.03996	1.21067	0.62456
2022-06-14	1.03968	1.1933799999999999	0.61962
2022-06-15	1.0359	1.1982	0.62132
2022-06-16	1.03809	1.20405	0.62327
2022-06-17	1.04445	1.21725	0.62691
2022-06-20	1.04744	1.21987	0.6297
2022-06-21	1.05061	1.22407	0.63178
2022-06-22	1.04688	1.2161	0.62439
2022-06-23	1.04825	1.217	0.62475
2022-06-24	1.0512	1.22407	0.62659
2022-06-27	1.05486	1.22378	0.62813
2022-06-28	1.05032	1.21803	0.6237
2022-06-29	1.0435	1.2105299999999999	0.62049
2022-06-30	1.03823	1.2092100000000001	0.6198
2022-07-01	1.03655	1.1975500000000001	0.61474
2022-07-04	1.0417	1.20846	0.6182
2022-07-05	1.0235	1.18983	0.61241
2022-07-06	1.01612	1.1875499999999999	0.61318
2022-07-07	1.01439	1.19088	0.61381
2022-07-08	1.00717	1.19195	0.61316
2022-07-11	1.00333	1.18664	0.60968
2022-07-12	0.99999	1.1807	0.60996
2022-07-13	0.99979	1.18269	0.60807
2022-07-14	0.9952	1.17601	0.60605
2022-07-15	1.00069	1.18043	0.60881
2022-07-18	1.00784	1.1861	0.61469
2022-07-19	1.01194	1.19248	0.61409
2022-07-20	1.01552	1.19534	0.62169
2022-07-21	1.01531	1.18895	0.61846
2022-07-22	1.01298	1.19161	0.62112
2022-07-25	1.01784	1.19603	0.6214
2022-07-26	1.01074	1.19637	0.62246
2022-07-27	1.00965	1.20157	0.61912
2022-07-28	1.01141	1.21033	0.62505
2022-07-29	1.01459	1.2062599999999999	0.62175
2022-08-01	1.02052	1.21536	0.6263
2022-08-02	1.01633	1.21573	0.62516
2022-08-03	1.01224	1.20996	0.62124
2022-08-04	1.01539	1.2065	0.62443
2022-08-05	1.01415	1.2003300000000001	0.6212
2022-08-08	1.01593	1.20475	0.62298
2022-08-09	1.01886	1.20629	0.627
2022-08-10	1.0202	1.20647	0.62749
2022-08-11	1.02757	1.2182	0.63842
2022-08-12	1.02384	1.20994	0.64223
2022-08-15	1.01543	1.20501	0.63555
2022-08-16	1.01224	1.20076	0.63165
2022-08-17	1.01457	1.20279	0.62582
2022-08-18	1.00793	1.19209	0.6246
2022-08-19	1.00321	1.1792	0.61656
2022-08-22	0.99263	1.17419	0.61567
2022-08-23	0.99	1.17172	0.61594
2022-08-24	0.99099	1.17554	0.61628
2022-08-25	0.99491	1.17835	0.61761
2022-08-26	0.99463	1.17327	0.61333
2022-08-29	0.99141	1.16486	0.61017
2022-08-30	0.99819	1.1621	0.6123
2022-08-31	0.9971	1.15989	0.61106
2022-09-01	0.99109	1.14984	0.60604
2022-09-02	0.99419	1.14959	0.60504
2022-09-05	0.98777	1.14435	0.60774
2022-09-06	0.9864	1.14935	0.6035
2022-09-07	0.98755	1.14051	0.59964
2022-09-08	0.99306	1.14602	0.6031
2022-09-09	0.99948	1.14975	0.60493
2022-09-12	1.00599	1.16004	0.60815
2022-09-13	0.99662	1.14913	0.59863
2022-09-14	0.99553	1.14798	0.59761
2022-09-15	0.99555	1.14615	0.59639
2022-09-16	0.99448	1.1350500000000001	0.594
2022-09-19	0.99658	1.1355	0.59291
2022-09-20	0.9955	1.13572	0.58851
2022-09-21	0.98129	1.12361	0.58418
2022-09-22	0.98076	1.12116	0.58038
2022-09-23	0.96678	1.08395	0.57298
2022-09-26	0.95487	1.03162	0.56249
2022-09-27	0.9569	1.0648900000000001	0.56246
2022-09-28	0.95356	1.05389	0.55645
2022-09-29	0.96355	1.07621	0.56478
2022-09-30	0.97348	1.10246	0.55907
2022-10-03	0.97527	1.10853	0.55961
2022-10-04	0.98059	1.12805	0.56801
2022-10-05	0.98346	1.1227	0.56602
2022-10-06	0.97881	1.11127	0.56398
2022-10-07	0.97259	1.10552	0.55978
2022-10-10	0.96815	1.1019	0.55442
2022-10-11	0.96705	1.09526	0.55357
2022-10-12	0.96678	1.09234	0.55596
2022-10-13	0.96316	1.10573	0.55118
2022-10-14	0.97068	1.11518	0.555
2022-10-17	0.97196	1.12047	0.55508
2022-10-18	0.98126	1.12557	0.56218
2022-10-19	0.97572	1.11848	0.56496
2022-10-20	0.97544	1.11705	0.56226
2022-10-21	0.97048	1.10601	0.55992
2022-10-24	0.9807	1.12577	0.56567
2022-10-25	0.98482	1.12709	0.56721
2022-10-26	0.99436	1.1430500000000001	0.57249
2022-10-27	0.99575	1.15486	0.57879
2022-10-28	0.99264	1.15038	0.57826
2022-10-31	0.9873	1.14601	0.57745
2022-11-01	0.9853	1.14371	0.58036
2022-11-02	0.98125	1.13875	0.58127
2022-11-03	0.973	1.11515	0.57404
2022-11-04	0.97424	1.1145	0.57561
2022-11-07	0.99078	1.12906	0.58539
2022-11-08	0.99719	1.14296	0.58986
2022-11-09	0.99927	1.13338	0.58726
2022-11-10	0.99355	1.13469	0.58405
2022-11-11	1.01629	1.16471	0.59691
2022-11-14	1.02714	1.17097	0.60614
2022-11-15	1.02801	1.17407	0.60852
2022-11-16	1.03305	1.18312	0.61287
2022-11-17	1.03053	1.17626	0.60643
2022-11-18	1.03136	1.18561	0.61076
2022-11-21	1.02227	1.17784	0.6087
2022-11-22	1.02387	1.18168	0.60947
2022-11-23	1.02963	1.18724	0.61256
2022-11-24	1.03817	1.20462	0.62363
2022-11-25	1.03548	1.2058	0.62188
2022-11-28	1.03302	1.19403	0.61558
2022-11-29	1.03199	1.19451	0.61585
2022-11-30	1.029	1.19002	0.61888
2022-12-01	1.0393	1.20452	0.62845
2022-12-02	1.04281	1.21339	0.6328
2022-12-05	1.04801	1.21616	0.63023
2022-12-06	1.04593	1.21276	0.63035
2022-12-07	1.04431	1.21064	0.63067
2022-12-08	1.04895	1.21547	0.63259
2022-12-09	1.05029	1.22033	0.63563
2022-12-12	1.05059	1.22045	0.63651
2022-12-13	1.05278	1.22481	0.63733
2022-12-14	1.06188	1.2342	0.64007
2022-12-15	1.05922	1.21562	0.63192
2022-12-16	1.05848	1.21194	0.63338
2022-12-19	1.05757	1.21206	0.63423
2022-12-20	1.05789	1.20854	0.63001
2022-12-21	1.05904	1.20551	0.62768
2022-12-22	1.05731	1.19924	0.62304
2022-12-23	1.05867	1.20182	0.6233
2022-12-26	1.05976	1.2049	0.62466
2022-12-27	1.06113	1.20022	0.62671
2022-12-28	1.06066	1.2002	0.62574
2022-12-29	1.06065	1.20096	0.62935
2022-12-30	1.06384	1.20098	0.63097
2023-01-02	1.06499	1.20346	0.62977
2023-01-03	1.05193	1.19004	0.61998
2023-01-04	1.05404	1.19575	0.62388
2023-01-05	1.0515	1.18731	0.62109
2023-01-06	1.04814	1.18412	0.61911
2023-01-09	1.06338	1.20772	0.63307
2023-01-10	1.07122	1.21101	0.63424
2023-01-11	1.0725500000000001	1.21003	0.63343
2023-01-12	1.07264	1.20802	0.63047
2023-01-13	1.07805	1.21506	0.63349
2023-01-16	1.08014	1.21713	0.63609
2023-01-17	1.07745	1.21691	0.63664
2023-01-18	1.07662	1.22535	0.6418
2023-01-19	1.07822	1.2313	0.63651
2023-01-20	1.0802	1.23352	0.63913
2023-01-23	1.08461	1.23236	0.64375
2023-01-24	1.08349	1.22629	0.64635
2023-01-25	1.08573	1.2283	0.64491
2023-01-26	1.08504	1.23445	0.64546
2023-01-27	1.08378	1.23451	0.64612
2023-01-30	1.08393	1.2337	0.6462
2023-01-31	1.08019	1.22842	0.64129
2023-02-01	1.0852	1.22718	0.64165
2023-02-02	1.08852	1.2221899999999999	0.64626
2023-02-03	1.07922	1.20468	0.63229
2023-02-06	1.07094	1.20056	0.62701
2023-02-07	1.0669	1.19611	0.62728
2023-02-08	1.07092	1.2031	0.62964
2023-02-09	1.07093	1.20566	0.63027
2023-02-10	1.06662	1.20472	0.62984
2023-02-13	1.06553	1.20306	0.6289
2023-02-14	1.07068	1.2117	0.62966
2023-02-15	1.06604	1.19896	0.62523
2023-02-16	1.06544	1.19653	0.62324
2023-02-17	1.06128	1.1915	0.61937
2023-02-20	1.06703	1.20144	0.62215
2023-02-21	1.06375	1.19857	0.62027
2023-02-22	1.0599	1.20344	0.62046
2023-02-23	1.05771	1.19922	0.62026
2023-02-24	1.05362	1.1928	0.61511
2023-02-27	1.0533	1.19223	0.61308
2023-02-28	1.05738	1.20178	0.61324
2023-03-01	1.05652	1.1965	0.61656
2023-03-02	1.05763	1.19245	0.61987
2023-03-03	1.05882	1.19413	0.61924
2023-03-06	1.06222	1.19928	0.61724
2023-03-07	1.0546	1.18215	0.61032
2023-03-08	1.05243	1.18027	0.6084
2023-03-09	1.05366	1.18319	0.60959
2023-03-10	1.0574	1.19074	0.60897
2023-03-13	1.06502	1.20465	0.61321
2023-03-14	1.06786	1.21325	0.61791
2023-03-15	1.05157	1.20102	0.61724
2023-03-16	1.05505	1.2027	0.61391
2023-03-17	1.06055	1.21003	0.61798
2023-03-20	1.06313	1.2167	0.62285
2023-03-21	1.07037	1.2178499999999999	0.6167
2023-03-22	1.07588	1.22084	0.61714
2023-03-23	1.08242	1.22591	0.6208
2023-03-24	1.07129	1.21903	0.61912
2023-03-27	1.07449	1.22186	0.61807
2023-03-28	1.07947	1.22795	0.61949
2023-03-29	1.08177	1.23025	0.62145
2023-03-30	1.08233	1.22935	0.62029
2023-03-31	1.08366	1.2324	0.6237
2023-04-03	1.07883	1.22742	0.62077
2023-04-04	1.08828	1.2395	0.62736
2023-04-05	1.08912	1.24325	0.62848
2023-04-06	1.08847	1.24126	0.6239
2023-04-07	1.08759	1.23885	0.62091
2023-04-10	1.08313	1.23442	0.61937
2023-04-11	1.08547	1.23776	0.61839
2023-04-12	1.0908	1.23984	0.6182
2023-04-13	1.09764	1.24759	0.62031
2023-04-14	1.09724	1.2399	0.6195
2023-04-17	1.09093	1.23533	0.61611
2023-04-18	1.09202	1.23673	0.61772
2023-04-19	1.09172	1.23921	0.61725
2023-04-20	1.09335	1.2404600000000001	0.6149
2023-04-21	1.09379	1.2367	0.61262
2023-04-24	1.09659	1.24103	0.61253
2023-04-25	1.0964	1.23865	0.61324
2023-04-26	1.09627	1.24025	0.61115
2023-04-27	1.0992	1.24359	0.61144
2023-04-28	1.09623	1.24463	0.6124
2023-05-01	1.09642	1.24804	0.61611
2023-05-02	1.09422	1.24354	0.61628
2023-05-03	1.09983	1.24633	0.6205
2023-05-04	1.09861	1.25479	0.62069
2023-05-05	1.09667	1.25557	0.62631
2023-05-08	1.10002	1.26128	0.62886
2023-05-09	1.09411	1.2578	0.63182
2023-05-10	1.09416	1.26024	0.63239
2023-05-11	1.09002	1.24966	0.62888
2023-05-12	1.08477	1.2444600000000001	0.6182
2023-05-15	1.08452	1.24393	0.61866
2023-05-16	1.08549	1.24652	0.62232
2023-05-17	1.08101	1.24215	0.62262
2023-05-18	1.07624	1.23912	0.62037
2023-05-19	1.076	1.23919	0.6216
2023-05-22	1.07954	1.24135	0.62617
2023-05-23	1.07603	1.23728	0.62339
2023-05-24	1.0748199999999999	1.23576	0.60935
2023-05-25	1.07073	1.23078	0.60438
2023-05-26	1.07016	1.23109	0.60329
2023-05-29	1.07053	1.2334	0.60429
2023-05-30	1.06723	1.23269	0.60249
2023-05-31	1.0635	1.2348	0.5985
2023-06-01	1.06617	1.24008	0.59903
2023-06-02	1.07051	1.2441200000000001	0.6053
2023-06-05	1.06747	1.23683	0.60409
2023-06-06	1.06671	1.23917	0.60453
2023-06-07	1.06681	1.23946	0.60307
2023-06-08	1.06922	1.2425	0.60315
2023-06-09	1.07428	1.2533699999999999	0.60716
2023-06-12	1.0733	1.24868	0.61054
2023-06-13	1.0753	1.25053	0.61063
2023-06-14	1.07737	1.25994	0.61424
2023-06-15	1.08038	1.2629299999999999	0.61534
2023-06-16	1.09177	1.2768	0.62097
2023-06-19	1.09073	1.27702	0.61913
2023-06-20	1.08922	1.27135	0.61337
2023-06-21	1.09055	1.26908	0.6155
2023-06-22	1.09486	1.27255	0.61736
2023-06-23	1.08444	1.26816	0.61171
2023-06-26	1.08874	1.26878	0.61319
2023-06-27	1.0902	1.27001	0.61443
2023-06-28	1.08967	1.26068	0.60691
2023-06-29	1.08601	1.25906	0.605
2023-06-30	1.08353	1.25989	0.6059
2023-07-03	1.08702	1.2658	0.61251
2023-07-04	1.08764	1.2681	0.61411
2023-07-05	1.08507	1.26881	0.61753
2023-07-06	1.08336	1.26733	0.61322
2023-07-07	1.08671	1.27256	0.61495
2023-07-10	1.09436	1.27499	0.61662
2023-07-11	1.09768	1.28551	0.61667
2023-07-12	1.10007	1.29037	0.61825
2023-07-13	1.1126800000000001	1.2977699999999999	0.62875
2023-07-14	1.12043	1.3089	0.63547
2023-07-17	1.12033	1.30508	0.63083
2023-07-18	1.12089	1.30277	0.62596
2023-07-19	1.11741	1.28671	0.62248
2023-07-20	1.11185	1.28397	0.62128
2023-07-21	1.11078	1.28156	0.61633
2023-07-24	1.10601	1.27977	0.61557
2023-07-25	1.10206	1.2809	0.61858
2023-07-26	1.10377	1.2875	0.61819
2023-07-27	1.0965799999999999	1.27816	0.6174
2023-07-28	1.09434	1.27626	0.61209
2023-07-31	1.09935	1.28281	0.61379
2023-08-01	1.09521	1.27411	0.61311
2023-08-02	1.09177	1.26801	0.60684
2023-08-03	1.0912	1.262	0.60601
2023-08-04	1.0934	1.26828	0.60686
2023-08-07	1.09653	1.27127	0.60846
2023-08-08	1.09292	1.26838	0.60344
2023-08-09	1.0949	1.27118	0.60395
2023-08-10	1.09671	1.26692	0.60199
2023-08-11	1.0943100000000001	1.26657	0.59751
2023-08-14	1.08748	1.26162	0.59436
2023-08-15	1.08968	1.26748	0.59457
2023-08-16	1.08714	1.2686600000000001	0.59265
2023-08-17	1.08559	1.27023	0.5903
2023-08-18	1.08449	1.26888	0.59091
2023-08-21	1.0863	1.27099	0.58963
2023-08-22	1.08328	1.2718099999999999	0.5912
2023-08-23	1.08023	1.26143	0.5927
2023-08-24	1.08049	1.25908	0.59161
2023-08-25	1.07656	1.25476	0.58859
2023-08-28	1.07933	1.25652	0.5895
2023-08-29	1.07822	1.25623	0.58872
2023-08-30	1.0855	1.26184	0.59397
2023-08-31	1.08351	1.26524	0.59304
2023-09-01	1.0772	1.25769	0.59343
2023-09-04	1.07713	1.25861	0.59317
2023-09-05	1.07062	1.25279	0.58589
2023-09-06	1.07023	1.24813	0.58594
2023-09-07	1.06859	1.24452	0.58622
2023-09-08	1.0694	1.24509	0.58672
2023-09-11	1.0707200000000001	1.24607	0.58799
2023-09-12	1.07053	1.24592	0.58888
2023-09-13	1.07105	1.2438500000000001	0.588
2023-09-14	1.06317	1.23966	0.59013
2023-09-15	1.06331	1.23784	0.58927
2023-09-18	1.06545	1.23698	0.58944
2023-09-19	1.0675	1.23697	0.58948
2023-09-20	1.065	1.23316	0.59205
2023-09-21	1.06166	1.22339	0.58954
2023-09-22	1.06148	1.22305	0.5919
2023-09-25	1.05752	1.21934	0.59429
2023-09-26	1.05618	1.21519	0.59359
2023-09-27	1.04879	1.21102	0.58995
2023-09-28	1.04908	1.21198	0.59064
2023-09-29	1.05565	1.21801	0.59541
2023-10-02	1.04774	1.20857	0.5943
2023-10-03	1.04481	1.20522	0.58874
2023-10-04	1.04513	1.2037	0.58707
2023-10-05	1.05	1.21075	0.59081
2023-10-06	1.04823	1.21055	0.59233
2023-10-09	1.05194	1.21628	0.59602
2023-10-10	1.05543	1.22116	0.59986
2023-10-11	1.05799	1.22681	0.60068
2023-10-12	1.05256	1.21714	0.59248
2023-10-13	1.04955	1.21222	0.58832
2023-10-16	1.0503	1.21291	0.58982
2023-10-17	1.05329	1.21326	0.58708
2023-10-18	1.05231	1.2137	0.58509
2023-10-19	1.05282	1.20898	0.58155
2023-10-20	1.0565	1.2093	0.58167
2023-10-23	1.05715	1.21431	0.58075
2023-10-24	1.0583	1.2153	0.58288
2023-10-25	1.05656	1.2106	0.58004
2023-10-26	1.05215	1.20693	0.57732
2023-10-27	1.05354	1.21054	0.58052
2023-10-30	1.05471	1.209	0.58041
2023-10-31	1.05576	1.21193	0.58034
2023-11-01	1.05166	1.20955	0.57887
2023-11-02	1.05637	1.2134	0.58391
2023-11-03	1.06147	1.21841	0.58843
2023-11-06	1.0716	1.2337799999999999	0.59591
2023-11-07	1.06641	1.22622	0.59111
2023-11-08	1.0659399999999999	1.22415	0.5906
2023-11-09	1.06601	1.2212399999999999	0.58924
2023-11-10	1.06561	1.21867	0.5878
2023-11-13	1.0665	1.22013	0.587
2023-11-14	1.06924	1.22603	0.58629
2023-11-15	1.08315	1.24034	0.59926
2023-11-16	1.08301	1.23763	0.5963
2023-11-17	1.0824799999999999	1.23737	0.59401
2023-11-20	1.08976	1.24455	0.59762
2023-11-21	1.09001	1.24935	0.60218
2023-11-22	1.08523	1.2449	0.59962
2023-11-23	1.08814	1.24868	0.60128
2023-11-24	1.0895	1.25196	0.60345
2023-11-27	1.09251	1.25909	0.60606
2023-11-28	1.09344	1.2606600000000001	0.60799
2023-11-29	1.09601	1.26645	0.61298
2023-11-30	1.08793	1.26032	0.61207
2023-12-01	1.08287	1.26135	0.6146
2023-12-04	1.08041	1.26037	0.61511
2023-12-05	1.07782	1.2577099999999999	0.61254
2023-12-06	1.07587	1.25516	0.61261
2023-12-07	1.07552	1.25441	0.61131
2023-12-08	1.07236	1.25021	0.61035
2023-12-11	1.07416	1.25226	0.61048
2023-12-12	1.07558	1.2514	0.61049
2023-12-13	1.07731	1.25001	0.6084
2023-12-14	1.08712	1.26113	0.61631
2023-12-15	1.08887	1.2668300000000001	0.61776
2023-12-18	1.0892	1.2628300000000001	0.61815
2023-12-19	1.09122	1.26269	0.62042
2023-12-20	1.09299	1.26248	0.6232
2023-12-21	1.09352	1.26121	0.62338
2023-12-22	1.09878	1.26696	0.62681
2023-12-26	1.10011	1.26824	0.62832
2023-12-27	1.10286	1.26983	0.62956
2023-12-28	1.10551	1.27122	0.6324
2023-12-29	1.10339	1.27003	0.63043
