time	EURUSD	GBPUSD	NZDUSD
2015-01-02	1.20999	1.55763	0.77964
2015-01-05	1.19026	1.52069	0.76759
2015-01-06	1.193	1.52505	0.76842
2015-01-07	1.18889	1.51481	0.77578
2015-01-08	1.18373	1.51101	0.77767
2015-01-09	1.17909	1.5085899999999999	0.78227
2015-01-12	1.18526	1.5171700000000001	0.78454
2015-01-13	1.18319	1.5172400000000001	0.77816
2015-01-14	1.17685	1.51555	0.7737
2015-01-15	1.17868	1.52325	0.77179
2015-01-16	1.16303	1.51783	0.78221
2015-01-19	1.15495	1.5118	0.77796
2015-01-20	1.16013	1.5106600000000001	0.77763
2015-01-21	1.15524	1.51411	0.76371
2015-01-22	1.16087	1.51391	0.75544
2015-01-23	1.13533	1.50073	0.7501
2015-01-26	1.11525	1.50074	0.74295
2015-01-27	1.12406	1.50702	0.74246
2015-01-28	1.13748	1.51945	0.74572
2015-01-29	1.12836	1.5144	0.73191
2015-01-30	1.13187	1.50659	0.72614
2015-02-02	1.13072	1.50746	0.72467
2015-02-03	1.13399	1.5021	0.72967
2015-02-04	1.14771	1.5165199999999999	0.73458
2015-02-05	1.1343	1.51793	0.73675
2015-02-06	1.14763	1.53268	0.73825
2015-02-09	1.12999	1.52245	0.73446
2015-02-10	1.13238	1.52148	0.7407
2015-02-11	1.1317	1.52503	0.73971
2015-02-12	1.13438	1.52367	0.73578
2015-02-13	1.14019	1.5384600000000002	0.74233
2015-02-16	1.13955	1.54141	0.74779
2015-02-17	1.13517	1.53599	0.75001
2015-02-18	1.141	1.53488	0.75405
2015-02-19	1.13955	1.5436800000000002	0.75448
2015-02-20	1.1365	1.5412	0.75148
2015-02-23	1.1394	1.53973	0.75242
2015-02-24	1.13367	1.5454400000000001	0.75239
2015-02-25	1.13398	1.5447899999999999	0.74904
2015-02-26	1.13605	1.55247	0.75554
2015-02-27	1.11993	1.54082	0.75304
2015-03-02	1.11793	1.54227	0.75523
2015-03-03	1.11836	1.53624	0.75103
2015-03-04	1.11737	1.53623	0.75448
2015-03-05	1.10773	1.52625	0.75869
2015-03-06	1.10296	1.52396	0.74846
2015-03-09	1.0827	1.5033400000000001	0.73592
2015-03-10	1.08513	1.51277	0.7355
2015-03-11	1.0694	1.50661	0.72707
2015-03-12	1.05472	1.49302	0.72894
2015-03-13	1.06325	1.48819	0.73875
2015-03-16	1.04712	1.47319	0.7316
2015-03-17	1.05676	1.48267	0.73664
2015-03-18	1.05885	1.47454	0.73053
2015-03-19	1.08644	1.49818	0.74811
2015-03-20	1.06558	1.4752100000000001	0.74068
2015-03-23	1.08331	1.49653	0.75716
2015-03-24	1.09472	1.49538	0.76518
2015-03-25	1.09177	1.48479	0.76528
2015-03-26	1.0968	1.48779	0.76058
2015-03-27	1.08788	1.48465	0.75973
2015-03-30	1.08847	1.48874	0.75545
2015-03-31	1.08298	1.47996	0.74949
2015-04-01	1.07353	1.48228	0.74639
2015-04-02	1.07628	1.48231	0.74507
2015-04-03	1.0881	1.4830999999999999	0.75044
2015-04-06	1.0985	1.4907599999999999	0.75706
2015-04-07	1.09244	1.48782	0.75415
2015-04-08	1.08136	1.4807299999999999	0.74831
2015-04-09	1.07784	1.48654	0.75517
2015-04-10	1.06558	1.47116	0.75638
2015-04-13	1.05882	1.4622899999999999	0.75232
2015-04-14	1.05662	1.46766	0.74553
2015-04-15	1.06493	1.47786	0.75168
2015-04-16	1.06831	1.48389	0.75885
2015-04-17	1.07628	1.49305	0.76635
2015-04-20	1.08171	1.49522	0.77045
2015-04-21	1.07404	1.49062	0.76533
2015-04-22	1.07332	1.49254	0.76704
2015-04-23	1.07209	1.50359	0.76564
2015-04-24	1.08231	1.5056500000000002	0.75897
2015-04-27	1.0863	1.51764	0.75806
2015-04-28	1.0887	1.52333	0.76428
2015-04-29	1.09771	1.5339399999999999	0.77192
2015-04-30	1.11247	1.54362	0.7644
2015-05-01	1.12199	1.53504	0.76169
2015-05-04	1.11892	1.51383	0.75253
2015-05-05	1.11425	1.51207	0.75276
2015-05-06	1.11857	1.5179200000000002	0.75561
2015-05-07	1.13442	1.52424	0.7496
2015-05-08	1.12738	1.5407899999999999	0.74485
2015-05-11	1.11981	1.54413	0.74551
2015-05-12	1.11526	1.5585499999999999	0.73341
2015-05-13	1.12096	1.56696	0.73366
2015-05-14	1.13486	1.5745	0.74829
2015-05-15	1.1409	1.57754	0.74966
2015-05-18	1.14481	1.57392	0.74493
2015-05-19	1.13106	1.56498	0.73924
2015-05-20	1.11491	1.55074	0.73408
2015-05-21	1.10927	1.5534400000000002	0.73046
2015-05-22	1.11107	1.5658699999999999	0.7346
2015-05-25	1.10007	1.54661	0.73062
2015-05-26	1.09742	1.54669	0.73073
2015-05-27	1.08714	1.5383900000000001	0.72232
2015-05-28	1.09036	1.53508	0.72615
2015-05-29	1.09474	1.53081	0.71746
2015-06-01	1.09815	1.52921	0.70876
2015-06-02	1.09231	1.51931	0.70905
2015-06-03	1.11498	1.53416	0.71761
2015-06-04	1.12698	1.5333299999999999	0.71532
2015-06-05	1.1232199999999999	1.53499	0.71278
2015-06-08	1.10908	1.5264600000000002	0.70402
2015-06-09	1.12904	1.53484	0.71367
2015-06-10	1.12805	1.53827	0.71272
2015-06-11	1.13256	1.55237	0.70544
2015-06-12	1.12547	1.5515400000000001	0.70092
2015-06-15	1.12161	1.55476	0.69811
2015-06-16	1.12797	1.55992	0.69977
2015-06-17	1.12448	1.56486	0.6987
2015-06-18	1.13376	1.58317	0.69817
2015-06-19	1.13694	1.58784	0.69263
2015-06-22	1.13742	1.58646	0.69001
2015-06-23	1.13348	1.58208	0.6859
2015-06-24	1.11578	1.57254	0.68515
2015-06-25	1.12012	1.57049	0.68827
2015-06-26	1.11916	1.57447	0.69045
2015-06-29	1.10035	1.5699800000000002	0.68253
2015-06-30	1.12376	1.57348	0.68486
2015-07-01	1.11361	1.5702099999999999	0.67659
2015-07-02	1.10472	1.56151	0.67324
2015-07-03	1.10813	1.56075	0.67168
2015-07-06	1.0977999999999999	1.55406	0.66596
2015-07-07	1.10526	1.56039	0.6681
2015-07-08	1.10099	1.5461200000000002	0.66492
2015-07-09	1.10758	1.5359	0.67278
2015-07-10	1.10359	1.53795	0.67371
2015-07-13	1.10957	1.5499399999999999	0.67005
2015-07-14	1.10003	1.54809	0.66928
2015-07-15	1.10074	1.56349	0.67044
2015-07-16	1.09439	1.56315	0.65896
2015-07-17	1.08733	1.56045	0.65075
2015-07-20	1.0832600000000001	1.55857	0.65093
2015-07-21	1.0818699999999999	1.55632	0.65509
2015-07-22	1.09326	1.5542099999999999	0.6621
2015-07-23	1.09243	1.56073	0.66215
2015-07-24	1.09773	1.5514299999999999	0.66063
2015-07-27	1.0981	1.55099	0.65629
2015-07-28	1.10893	1.55565	0.66028
2015-07-29	1.10595	1.5594700000000001	0.66643
2015-07-30	1.0983	1.56	0.66679
2015-07-31	1.09312	1.55982	0.66019
2015-08-03	1.09772	1.56287	0.66006
2015-08-04	1.09503	1.55829	0.65669
2015-08-05	1.08824	1.5562399999999998	0.65391
2015-08-06	1.09042	1.5598	0.65112
2015-08-07	1.09222	1.55124	0.65491
2015-08-10	1.09636	1.54911	0.66152
2015-08-11	1.10191	1.55926	0.66174
2015-08-12	1.10419	1.55739	0.65346
2015-08-13	1.11605	1.561	0.66164
2015-08-14	1.11486	1.56074	0.65667
2015-08-17	1.11127	1.56486	0.65345
2015-08-18	1.10758	1.55804	0.65721
2015-08-19	1.10252	1.56552	0.6598
2015-08-20	1.11199	1.56752	0.66026
2015-08-21	1.12368	1.569	0.66234
2015-08-24	1.13756	1.56795	0.66648
2015-08-25	1.16069	1.57707	0.64782
2015-08-26	1.15174	1.56836	0.64735
2015-08-27	1.13121	1.54562	0.64346
2015-08-28	1.12451	1.5399699999999998	0.64627
2015-08-31	1.11752	1.54156	0.64653
2015-09-01	1.12108	1.53429	0.63364
2015-09-02	1.13178	1.5303200000000001	0.63229
2015-09-03	1.12236	1.52936	0.6347
2015-09-04	1.11224	1.52566	0.63984
2015-09-07	1.11575	1.51732	0.62998
2015-09-08	1.11683	1.52658	0.62584
2015-09-09	1.12004	1.53933	0.63413
2015-09-10	1.12093	1.53655	0.6334
2015-09-11	1.12779	1.5441500000000001	0.62868
2015-09-14	1.1326100000000001	1.54253	0.63074
2015-09-15	1.13172	1.54217	0.63268
2015-09-16	1.12666	1.53411	0.63575
2015-09-17	1.12888	1.54927	0.63662
2015-09-18	1.14267	1.55858	0.63394
2015-09-21	1.1283	1.55194	0.6393
2015-09-22	1.11884	1.5505	0.63154
2015-09-23	1.11238	1.53558	0.6289
2015-09-24	1.1183	1.52383	0.62798
2015-09-25	1.1212	1.52172	0.63132
2015-09-28	1.1192	1.51762	0.63652
2015-09-29	1.12423	1.51701	0.63276
2015-09-30	1.12476	1.51474	0.63376
2015-10-01	1.11731	1.51159	0.63953
2015-10-02	1.11904	1.51269	0.63977
2015-10-05	1.12199	1.5188199999999998	0.64577
2015-10-06	1.11857	1.5141499999999999	0.64857
2015-10-07	1.12703	1.52263	0.6543
2015-10-08	1.12345	1.5316100000000001	0.66101
2015-10-09	1.12757	1.5342799999999999	0.66617
2015-10-12	1.13596	1.53024	0.66792
2015-10-13	1.13556	1.53343	0.67071
2015-10-14	1.13797	1.52466	0.66396
2015-10-15	1.14723	1.54739	0.67876
2015-10-16	1.13828	1.54626	0.68476
2015-10-19	1.135	1.54351	0.68044
2015-10-20	1.13297	1.54584	0.67841
2015-10-21	1.1345399999999999	1.54443	0.67524
2015-10-22	1.13376	1.54149	0.67055
2015-10-23	1.11046	1.53925	0.67915
2015-10-26	1.10041	1.5314999999999999	0.67424
2015-10-27	1.10533	1.5349599999999999	0.67846
2015-10-28	1.10459	1.53016	0.67594
2015-10-29	1.09247	1.5264600000000002	0.66997
2015-10-30	1.09765	1.53072	0.66906
2015-11-02	1.10308	1.5428899999999999	0.67466
2015-11-03	1.10088	1.5411299999999999	0.67441
2015-11-04	1.09602	1.54182	0.66605
2015-11-05	1.08631	1.53815	0.65943
2015-11-06	1.08807	1.5207600000000001	0.66067
2015-11-09	1.07306	1.5041600000000002	0.6519
2015-11-10	1.0747	1.51124	0.65323
2015-11-11	1.0723799999999999	1.51173	0.65246
2015-11-12	1.0741	1.52089	0.65518
2015-11-13	1.08118	1.52306	0.65434
2015-11-16	1.07372	1.5224199999999999	0.65424
2015-11-17	1.06856	1.5196399999999999	0.64888
2015-11-18	1.06417	1.5211999999999999	0.6469
2015-11-19	1.066	1.52326	0.64703
2015-11-20	1.0733	1.52905	0.65658
2015-11-23	1.06397	1.51807	0.65596
2015-11-24	1.06343	1.51223	0.65169
2015-11-25	1.06429	1.5072299999999998	0.65522
2015-11-26	1.06238	1.51212	0.65769
2015-11-27	1.06083	1.50971	0.65648
2015-11-30	1.05873	1.50335	0.65338
2015-12-01	1.05649	1.50545	0.65854
2015-12-02	1.06345	1.50815	0.66705
2015-12-03	1.06152	1.4939	0.66297
2015-12-04	1.09402	1.51411	0.66868
2015-12-07	1.08609	1.51086	0.67344
2015-12-08	1.08388	1.50543	0.66434
2015-12-09	1.08942	1.50105	0.66423
2015-12-10	1.1023	1.51738	0.67207
2015-12-11	1.09392	1.51578	0.67554
2015-12-14	1.09811	1.5230299999999999	0.67133
2015-12-15	1.09977	1.51383	0.6753
2015-12-16	1.09275	1.50332	0.67635
2015-12-17	1.0911	1.49961	0.67995
2015-12-18	1.08266	1.48914	0.66952
2015-12-21	1.08344	1.48895	0.67169
2015-12-22	1.09148	1.48796	0.6761
2015-12-23	1.09524	1.48197	0.68052
2015-12-24	1.09052	1.48639	0.67781
2015-12-28	1.09401	1.48956	0.68328
2015-12-29	1.09664	1.48779	0.68476
2015-12-30	1.09193	1.48105	0.68666
2015-12-31	1.09322	1.48133	0.68415
2016-01-04	1.08687	1.47339	0.68276
2016-01-05	1.0828	1.47101	0.67487
2016-01-06	1.07404	1.4662600000000001	0.67047
2016-01-07	1.07761	1.46235	0.66248
2016-01-08	1.09306	1.46149	0.66223
2016-01-11	1.0916	1.45273	0.65389
2016-01-12	1.08563	1.4540899999999999	0.65585
2016-01-13	1.0851	1.4441899999999999	0.65322
2016-01-14	1.08751	1.44042	0.65098
2016-01-15	1.08624	1.4409	0.64739
2016-01-18	1.0919	1.42523	0.6425
2016-01-19	1.08917	1.42429	0.64491
2016-01-20	1.09069	1.41556	0.64085
2016-01-21	1.08891	1.41882	0.6429
2016-01-22	1.08728	1.42202	0.65298
2016-01-25	1.07905	1.42626	0.64885
2016-01-26	1.08485	1.42473	0.64488
2016-01-27	1.08706	1.435	0.6498
2016-01-28	1.08926	1.42332	0.64307
2016-01-29	1.09398	1.43594	0.64796
2016-02-01	1.0832600000000001	1.4249399999999999	0.64885
2016-02-02	1.08869	1.4432	0.65465
2016-02-03	1.09184	1.44078	0.65134
2016-02-04	1.11055	1.45994	0.66611
2016-02-05	1.12056	1.4582899999999999	0.67188
2016-02-08	1.11433	1.44813	0.66146
2016-02-09	1.11927	1.44307	0.66246
2016-02-10	1.12925	1.44712	0.66325
2016-02-11	1.12921	1.45235	0.66839
2016-02-12	1.13243	1.44744	0.67146
2016-02-15	1.12371	1.4481600000000001	0.6606
2016-02-16	1.1154	1.44311	0.66475
2016-02-17	1.1144	1.43021	0.65768
2016-02-18	1.11281	1.4291800000000001	0.6626
2016-02-19	1.11062	1.4334500000000001	0.66413
2016-02-22	1.11112	1.42649	0.6648
2016-02-23	1.10294	1.41491	0.66963
2016-02-24	1.10195	1.40199	0.66421
2016-02-25	1.10127	1.3924	0.66574
2016-02-26	1.10182	1.39596	0.67204
2016-02-29	1.09142	1.3857599999999999	0.65889
2016-03-01	1.08729	1.39134	0.65898
2016-03-02	1.08658	1.39513	0.66216
2016-03-03	1.08679	1.40777	0.66759
2016-03-04	1.09557	1.41737	0.67204
2016-03-07	1.09906	1.42169	0.67783
2016-03-08	1.1013600000000001	1.42618	0.67993
2016-03-09	1.10109	1.42126	0.67433
2016-03-10	1.09991	1.4216199999999999	0.66535
2016-03-11	1.11775	1.42782	0.6667
2016-03-14	1.11361	1.4365	0.6724
2016-03-15	1.11014	1.4298600000000001	0.66753
2016-03-16	1.1108500000000001	1.41501	0.65995
2016-03-17	1.12229	1.42566	0.67253
2016-03-18	1.13179	1.44781	0.68486
2016-03-21	1.12621	1.44391	0.67864
2016-03-22	1.12411	1.43667	0.67605
2016-03-23	1.12174	1.42063	0.67531
2016-03-24	1.11816	1.41156	0.67004
2016-03-25	1.11751	1.41524	0.67025
2016-03-28	1.11618	1.4127100000000001	0.66775
2016-03-29	1.1195599999999999	1.42543	0.67229
2016-03-30	1.12898	1.43817	0.6845
2016-03-31	1.13369	1.43778	0.69175
2016-04-01	1.1378300000000001	1.43587	0.69049
2016-04-04	1.1401	1.42218	0.68847
2016-04-05	1.13894	1.42629	0.68302
2016-04-06	1.13834	1.41611	0.68044
2016-04-07	1.13991	1.41224	0.68208
2016-04-08	1.13776	1.4057	0.67764
2016-04-11	1.14166	1.4114	0.6806
2016-04-12	1.14049	1.42346	0.68569
2016-04-13	1.13853	1.4273	0.6924
2016-04-14	1.12732	1.42028	0.69185
2016-04-15	1.12656	1.41548	0.68397
2016-04-18	1.13029	1.4202	0.68776
2016-04-19	1.1311	1.42761	0.69491
2016-04-20	1.13572	1.43971	0.70439
2016-04-21	1.12953	1.43279	0.69737
2016-04-22	1.12872	1.43218	0.69111
2016-04-25	1.1218	1.44617	0.68452
2016-04-26	1.1262699999999999	1.44798	0.68549
2016-04-27	1.12975	1.45803	0.68962
2016-04-28	1.13231	1.45428	0.68397
2016-04-29	1.13481	1.46052	0.69606
2016-05-02	1.14601	1.45823	0.69758
2016-05-03	1.15322	1.46715	0.70199
2016-05-04	1.14962	1.45334	0.69149
2016-05-05	1.14863	1.44926	0.68791
2016-05-06	1.14052	1.44838	0.68837
2016-05-09	1.1396	1.44154	0.68232
2016-05-10	1.13825	1.44069	0.67671
2016-05-11	1.13721	1.44407	0.67602
2016-05-12	1.14261	1.44474	0.68171
2016-05-13	1.13758	1.44479	0.68177
2016-05-16	1.1311499999999999	1.43525	0.6764
2016-05-17	1.13201	1.44012	0.67892
2016-05-18	1.1312	1.44612	0.68114
2016-05-19	1.12157	1.45969	0.67394
2016-05-20	1.12028	1.46093	0.6741
2016-05-23	1.12088	1.45023	0.67619
2016-05-24	1.12202	1.44834	0.67625
2016-05-25	1.11404	1.46318	0.67375
2016-05-26	1.11551	1.46942	0.67344
2016-05-27	1.11936	1.46699	0.67402
2016-05-30	1.11134	1.46063	0.66916
2016-05-31	1.11384	1.46375	0.66935
2016-06-01	1.11314	1.44811	0.67632
2016-06-02	1.11876	1.44147	0.68171
2016-06-03	1.11508	1.44208	0.68108
2016-06-06	1.13561	1.44637	0.69496
2016-06-07	1.13538	1.44394	0.69169
2016-06-08	1.13569	1.45424	0.69784
2016-06-09	1.1394199999999999	1.45031	0.70006
2016-06-10	1.13165	1.44544	0.71027
2016-06-13	1.12492	1.42625	0.70526
2016-06-14	1.12924	1.42563	0.70601
2016-06-15	1.12043	1.41092	0.69929
2016-06-16	1.12592	1.42032	0.70333
2016-06-17	1.12239	1.42019	0.70417
2016-06-20	1.13312	1.44719	0.70739
2016-06-21	1.13104	1.46842	0.71186
2016-06-22	1.12417	1.46429	0.71205
2016-06-23	1.12955	1.4704	0.71549
2016-06-24	1.13799	1.47408	0.72355
2016-06-27	1.1007	1.34223	0.70679
2016-06-28	1.10229	1.32198	0.69938
2016-06-29	1.1063	1.33386	0.7043
2016-06-30	1.11223	1.34253	0.71106
2016-07-01	1.11069	1.33087	0.71309
2016-07-04	1.11248	1.32456	0.71601
2016-07-05	1.11526	1.32823	0.72261
2016-07-06	1.10748	1.30212	0.71525
2016-07-07	1.10994	1.29285	0.71284
2016-07-08	1.10611	1.29051	0.72242
2016-07-11	1.10453	1.29454	0.72936
2016-07-12	1.10561	1.29844	0.72185
2016-07-13	1.106	1.32453	0.72958
2016-07-14	1.1089	1.31445	0.72753
2016-07-15	1.11162	1.33391	0.71953
2016-07-18	1.10488	1.31939	0.71389
2016-07-19	1.10749	1.32546	0.7114
2016-07-20	1.10195	1.31097	0.70508
2016-07-21	1.1013	1.3202099999999999	0.70259
2016-07-22	1.10243	1.32318	0.69952
2016-07-25	1.09733	1.31434	0.6992
2016-07-26	1.09941	1.31356	0.69951
2016-07-27	1.09863	1.3128600000000001	0.70535
2016-07-28	1.10574	1.3221	0.70754
2016-07-29	1.10748	1.31613	0.70668
2016-08-01	1.1172	1.32298	0.72019
2016-08-02	1.11608	1.31734	0.71704
2016-08-03	1.12214	1.33547	0.72422
2016-08-04	1.11486	1.33232	0.71577
2016-08-05	1.11271	1.31048	0.71714
2016-08-08	1.10771	1.3070599999999999	0.7135
2016-08-09	1.10877	1.30389	0.71358
2016-08-10	1.11155	1.30011	0.71645
2016-08-11	1.11748	1.30076	0.71843
2016-08-12	1.11366	1.29544	0.7208
2016-08-15	1.1167	1.29204	0.71828
2016-08-16	1.1182	1.2877	0.72063
2016-08-17	1.12779	1.30454	0.72777
2016-08-18	1.12841	1.30412	0.72483
2016-08-19	1.13524	1.31641	0.72833
2016-08-22	1.13133	1.30615	0.72474
2016-08-23	1.13188	1.31355	0.72689
2016-08-24	1.13043	1.3197	0.72903
2016-08-25	1.12628	1.32307	0.73092
2016-08-26	1.12841	1.31911	0.72904
2016-08-29	1.11809	1.31142	0.72269
2016-08-30	1.11887	1.31037	0.725
2016-08-31	1.11427	1.30762	0.72181
2016-09-01	1.11573	1.3137699999999999	0.72484
2016-09-02	1.11971	1.32681	0.7282
2016-09-05	1.11568	1.32981	0.72822
2016-09-06	1.11469	1.33029	0.73041
2016-09-07	1.12543	1.3437700000000001	0.74165
2016-09-08	1.12391	1.3339699999999999	0.74495
2016-09-09	1.1259299999999999	1.32898	0.73987
2016-09-12	1.12312	1.32668	0.73203
2016-09-13	1.1235	1.33349	0.7353
2016-09-14	1.12179	1.31888	0.72498
2016-09-15	1.1248	1.3231899999999999	0.72824
2016-09-16	1.12435	1.32376	0.73139
2016-09-19	1.11534	1.29997	0.72573
2016-09-20	1.11736	1.30283	0.72912
2016-09-21	1.1151	1.29884	0.7313
2016-09-22	1.11874	1.30285	0.73413
2016-09-23	1.12069	1.3066499999999999	0.73106
2016-09-26	1.12255	1.29639	0.7244
2016-09-27	1.12537	1.29733	0.72735
2016-09-28	1.12125	1.30218	0.72989
2016-09-29	1.12153	1.30165	0.72818
2016-09-30	1.12189	1.29658	0.72524
2016-10-03	1.12319	1.29218	0.72751
2016-10-04	1.12102	1.28358	0.72697
2016-10-05	1.1202	1.27252	0.7208
2016-10-06	1.12038	1.27434	0.7178
2016-10-07	1.11492	1.2616	0.71637
2016-10-10	1.11908	1.2410700000000001	0.71788
2016-10-11	1.11351	1.23613	0.71353
2016-10-12	1.10534	1.21208	0.70549
2016-10-13	1.10063	1.21909	0.70607
2016-10-14	1.1056	1.22526	0.70935
2016-10-17	1.09696	1.21542	0.7091
2016-10-18	1.09982	1.21825	0.71335
2016-10-19	1.09787	1.22939	0.71897
2016-10-20	1.09732	1.22809	0.72282
2016-10-21	1.09281	1.22513	0.71932
2016-10-24	1.08817	1.2218	0.71586
2016-10-25	1.08796	1.2234099999999999	0.71324
2016-10-26	1.08875	1.21857	0.71608
2016-10-27	1.0907	1.2241900000000001	0.71494
2016-10-28	1.08957	1.21598	0.71206
2016-10-31	1.09854	1.21847	0.71497
2016-11-01	1.09803	1.22347	0.71492
2016-11-02	1.10557	1.22413	0.71826
2016-11-03	1.10954	1.23031	0.7288
2016-11-04	1.11039	1.24598	0.73329
2016-11-07	1.10818	1.24597	0.73325
2016-11-08	1.10403	1.23925	0.73409
2016-11-09	1.10295	1.2379	0.73848
2016-11-10	1.09087	1.24051	0.72774
2016-11-11	1.08908	1.25448	0.72086
2016-11-14	1.08355	1.25624	0.71369
2016-11-15	1.07363	1.24848	0.71172
2016-11-16	1.07212	1.24484	0.70995
2016-11-17	1.0689899999999999	1.2442	0.707
2016-11-18	1.0625	1.24089	0.70241
2016-11-21	1.05919	1.23448	0.69932
2016-11-22	1.06265	1.24961	0.70596
2016-11-23	1.06249	1.2417	0.70587
2016-11-24	1.05513	1.24311	0.70029
2016-11-25	1.05498	1.24459	0.69972
2016-11-28	1.06049	1.24741	0.70407
2016-11-29	1.06075	1.2405599999999999	0.70724
2016-11-30	1.06492	1.24887	0.71235
2016-12-01	1.05923	1.25044	0.70815
2016-12-02	1.06584	1.25889	0.70881
2016-12-05	1.05915	1.2652700000000001	0.71188
2016-12-06	1.07633	1.27246	0.71355
2016-12-07	1.07173	1.26765	0.71189
2016-12-08	1.07532	1.2624	0.7164
2016-12-09	1.06122	1.25723	0.71734
2016-12-12	1.05389	1.25806	0.71258
2016-12-13	1.06335	1.2675100000000001	0.71856
2016-12-14	1.06227	1.26572	0.72018
2016-12-15	1.053	1.25604	0.71158
2016-12-16	1.04116	1.24275	0.70293
2016-12-19	1.0437	1.24757	0.69644
2016-12-20	1.04009	1.23958	0.69288
2016-12-21	1.03855	1.23653	0.69171
2016-12-22	1.04238	1.23517	0.68962
2016-12-23	1.04333	1.22825	0.69007
2016-12-26	1.04511	1.22659	0.68668
2016-12-27	1.04508	1.22729	0.68938
2016-12-28	1.04552	1.2269	0.68871
2016-12-29	1.04129	1.22258	0.69173
2016-12-30	1.04885	1.22568	0.69608
2017-01-02	1.05127	1.23401	0.69274
2017-01-03	1.04523	1.22748	0.69179
2017-01-04	1.04054	1.22387	0.6915
2017-01-05	1.0488	1.23205	0.69679
2017-01-06	1.06022	1.2413	0.70265
2017-01-09	1.05306	1.22547	0.69635
2017-01-10	1.05737	1.21584	0.70162
2017-01-11	1.05546	1.21755	0.69887
2017-01-12	1.05801	1.22027	0.70545
2017-01-13	1.06134	1.21584	0.70946
2017-01-16	1.06248	1.20158	0.71082
2017-01-17	1.05954	1.2042	0.70983
2017-01-18	1.07106	1.24128	0.72129
2017-01-19	1.06284	1.22583	0.71225
2017-01-20	1.06623	1.23416	0.71872
2017-01-23	1.06989	1.23758	0.71627
2017-01-24	1.07649	1.25336	0.72339
2017-01-25	1.0729899999999999	1.25192	0.72466
2017-01-26	1.0749900000000001	1.26343	0.72973
2017-01-27	1.06788	1.25897	0.72395
2017-01-30	1.07144	1.25715	0.72663
2017-01-31	1.06926	1.24848	0.72835
2017-02-01	1.07969	1.25762	0.73094
2017-02-02	1.07685	1.26552	0.72788
2017-02-03	1.07594	1.2521900000000001	0.72883
2017-02-06	1.07903	1.24872	0.73039
2017-02-07	1.0749	1.24626	0.73204
2017-02-08	1.06778	1.25064	0.72989
2017-02-09	1.06967	1.25382	0.72621
2017-02-10	1.06574	1.24924	0.71827
2017-02-13	1.06347	1.24642	0.72052
2017-02-14	1.0594999999999999	1.25237	0.71742
2017-02-15	1.05744	1.2467	0.71683
2017-02-16	1.05992	1.24583	0.72215
2017-02-17	1.0672	1.24868	0.72098
2017-02-20	1.06075	1.2404600000000001	0.71923
2017-02-21	1.06103	1.24569	0.71868
2017-02-22	1.05358	1.24706	0.71583
2017-02-23	1.05564	1.24448	0.71869
2017-02-24	1.05766	1.25529	0.72282
2017-02-27	1.05625	1.24657	0.71989
2017-02-28	1.05853	1.24384	0.71891
2017-03-01	1.0575	1.23782	0.71919
2017-03-02	1.05457	1.22921	0.71409
2017-03-03	1.05082	1.22658	0.70617
2017-03-06	1.0607	1.22854	0.70236
2017-03-07	1.05814	1.22337	0.69932
2017-03-08	1.05651	1.2199	0.69538
2017-03-09	1.05392	1.21666	0.69127
2017-03-10	1.05754	1.21618	0.6898
2017-03-13	1.0679400000000001	1.21564	0.69376
2017-03-14	1.06531	1.22162	0.69221
2017-03-15	1.06032	1.21479	0.6919
2017-03-16	1.07281	1.22883	0.7044
2017-03-17	1.0764	1.23577	0.69864
2017-03-20	1.07363	1.23864	0.70119
2017-03-21	1.07383	1.23572	0.70549
2017-03-22	1.08083	1.24779	0.70396
2017-03-23	1.07934	1.24817	0.70437
2017-03-24	1.07823	1.25204	0.70286
2017-03-27	1.08301	1.24905	0.70262
2017-03-28	1.08645	1.25575	0.70424
2017-03-29	1.08104	1.24427	0.70099
2017-03-30	1.07642	1.24311	0.70301
2017-03-31	1.06771	1.2466599999999999	0.69915
2017-04-03	1.06618	1.25452	0.69985
2017-04-04	1.0669	1.24838	0.70138
2017-04-05	1.06682	1.24398	0.69718
2017-04-06	1.06623	1.24826	0.69615
2017-04-07	1.0642800000000001	1.2468	0.69692
2017-04-10	1.05881	1.23785	0.69323
2017-04-11	1.05938	1.24131	0.69612
2017-04-12	1.06042	1.24905	0.69586
2017-04-13	1.06621	1.25358	0.69653
2017-04-14	1.06137	1.25053	0.69903
2017-04-17	1.06121	1.25286	0.69884
2017-04-18	1.06403	1.25631	0.70077
2017-04-19	1.07306	1.2839800000000001	0.70416
2017-04-20	1.07102	1.27767	0.70027
2017-04-21	1.07164	1.28094	0.70104
2017-04-24	1.08998	1.2821	0.7042
2017-04-25	1.08679	1.27948	0.70138
2017-04-26	1.09289	1.2836699999999999	0.69508
2017-04-27	1.0903	1.28475	0.68895
2017-04-28	1.08712	1.29019	0.68704
2017-05-01	1.08942	1.29304	0.68574
2017-05-02	1.0896	1.28833	0.69073
2017-05-03	1.09286	1.29387	0.69352
2017-05-04	1.0884	1.28663	0.68774
2017-05-05	1.09831	1.29212	0.68707
2017-05-08	1.10154	1.29819	0.69075
2017-05-09	1.09182	1.29333	0.68987
2017-05-10	1.08725	1.29282	0.68925
2017-05-11	1.08685	1.29352	0.68642
2017-05-12	1.08608	1.28845	0.68481
2017-05-15	1.09324	1.28848	0.68583
2017-05-16	1.09741	1.28922	0.68808
2017-05-17	1.10821	1.29119	0.688
2017-05-18	1.11574	1.2969300000000001	0.69401
2017-05-19	1.1102	1.29279	0.6898
2017-05-22	1.1203	1.3005	0.69249
2017-05-23	1.12362	1.29958	0.69956
2017-05-24	1.11821	1.29593	0.70052
2017-05-25	1.12184	1.29675	0.70457
2017-05-26	1.12107	1.2935699999999999	0.70179
2017-05-29	1.11708	1.27988	0.70439
2017-05-30	1.11622	1.28393	0.70528
2017-05-31	1.1186	1.28575	0.70952
2017-06-01	1.12455	1.28901	0.70811
2017-06-02	1.12114	1.2880099999999999	0.70586
2017-06-05	1.12707	1.28566	0.71264
2017-06-06	1.12545	1.29031	0.71338
2017-06-07	1.12768	1.2906	0.71782
2017-06-08	1.12561	1.29514	0.71922
2017-06-09	1.12142	1.28045	0.72085
2017-06-12	1.12065	1.27199	0.72017
2017-06-13	1.1202	1.26578	0.7195
2017-06-14	1.12059	1.27519	0.72205
2017-06-15	1.12178	1.27523	0.72643
2017-06-16	1.11443	1.27549	0.72019
2017-06-19	1.12051	1.27658	0.72499
2017-06-20	1.11486	1.27353	0.72293
2017-06-21	1.1132900000000001	1.26278	0.72385
2017-06-22	1.1168	1.26712	0.72314
2017-06-23	1.1151	1.26795	0.72607
2017-06-26	1.11961	1.27368	0.72802
2017-06-27	1.11821	1.27213	0.72884
2017-06-28	1.13379	1.28126	0.72656
2017-06-29	1.13762	1.29241	0.73023
2017-06-30	1.1439	1.29956	0.73008
2017-07-03	1.14171	1.30097	0.73243
2017-07-04	1.13631	1.29373	0.72932
2017-07-05	1.13412	1.29122	0.7285
2017-07-06	1.1351499999999999	1.29333	0.72889
2017-07-07	1.14229	1.2968600000000001	0.72742
2017-07-10	1.1396600000000001	1.28745	0.72702
2017-07-11	1.13992	1.28756	0.72727
2017-07-12	1.1464699999999999	1.28409	0.72228
2017-07-13	1.14128	1.2880099999999999	0.72571
2017-07-14	1.13973	1.29366	0.73146
2017-07-17	1.14691	1.30999	0.73405
2017-07-18	1.1478	1.3051599999999999	0.73186
2017-07-19	1.15552	1.30393	0.73482
2017-07-20	1.1513200000000001	1.30231	0.73553
2017-07-21	1.16291	1.297	0.73959
2017-07-24	1.16616	1.29895	0.74321
2017-07-25	1.16431	1.30277	0.74366
2017-07-26	1.16471	1.30258	0.74172
2017-07-27	1.1733	1.31114	0.75182
2017-07-28	1.16767	1.30636	0.74816
2017-07-31	1.17499	1.31266	0.74947
2017-08-01	1.18409	1.32127	0.75049
2017-08-02	1.18008	1.32033	0.74654
2017-08-03	1.18553	1.32237	0.74267
2017-08-04	1.18692	1.31371	0.74333
2017-08-07	1.17733	1.30343	0.73996
2017-08-08	1.17946	1.3032599999999999	0.73604
2017-08-09	1.17473	1.29879	0.73309
2017-08-10	1.17569	1.29995	0.73591
2017-08-11	1.17716	1.29767	0.72757
2017-08-14	1.18208	1.29868	0.73036
2017-08-15	1.17782	1.296	0.72843
2017-08-16	1.17348	1.28678	0.72331
2017-08-17	1.17654	1.28895	0.73092
2017-08-18	1.1722	1.28665	0.72804
2017-08-21	1.17601	1.28616	0.73109
2017-08-22	1.18138	1.28976	0.7327
2017-08-23	1.17612	1.28226	0.72765
2017-08-24	1.18064	1.2797	0.72192
2017-08-25	1.18007	1.27994	0.72063
2017-08-28	1.19444	1.2917399999999999	0.72385
2017-08-29	1.19775	1.29315	0.72546
2017-08-30	1.19718	1.29183	0.72481
2017-08-31	1.18832	1.2923200000000001	0.71987
2017-09-01	1.19069	1.29108	0.71736
2017-09-04	1.18789	1.29595	0.71465
2017-09-05	1.1892	1.2913000000000001	0.71612
2017-09-06	1.19093	1.30324	0.72312
2017-09-07	1.19162	1.30403	0.71962
2017-09-08	1.2021	1.3100100000000001	0.72313
2017-09-11	1.20175	1.318	0.72592
2017-09-12	1.19524	1.31629	0.7252
2017-09-13	1.1966	1.32817	0.72851
2017-09-14	1.18823	1.3207200000000001	0.72382
2017-09-15	1.19177	1.3395000000000001	0.72142
2017-09-18	1.19244	1.35569	0.72732
2017-09-19	1.19502	1.34943	0.72545
2017-09-20	1.19927	1.34947	0.73152
2017-09-21	1.18917	1.34936	0.73547
2017-09-22	1.19407	1.35757	0.73046
2017-09-25	1.18982	1.3485800000000001	0.72972
2017-09-26	1.18474	1.3463	0.72638
2017-09-27	1.17923	1.34575	0.72034
2017-09-28	1.17449	1.33812	0.72003
2017-09-29	1.17861	1.34436	0.72347
2017-10-02	1.1795	1.33722	0.72105
2017-10-03	1.17325	1.3273	0.71895
2017-10-04	1.17436	1.32359	0.71586
2017-10-05	1.17607	1.32453	0.71671
2017-10-06	1.17106	1.3118699999999999	0.71128
2017-10-09	1.17353	1.30935	0.70611
2017-10-10	1.174	1.31409	0.70627
2017-10-11	1.18075	1.3202	0.70676
2017-10-12	1.1859	1.3215	0.70732
2017-10-13	1.18279	1.32586	0.71223
2017-10-16	1.18115	1.32867	0.71702
2017-10-17	1.17963	1.32519	0.71672
2017-10-18	1.17662	1.31855	0.71702
2017-10-19	1.17877	1.32036	0.71487
2017-10-20	1.1852	1.3158699999999999	0.70262
2017-10-23	1.1764999999999999	1.31793	0.69478
2017-10-24	1.17488	1.3197	0.69642
2017-10-25	1.176	1.31289	0.69022
2017-10-26	1.18123	1.3256000000000001	0.68874
2017-10-27	1.1652	1.31573	0.68396
2017-10-30	1.16052	1.31177	0.6877
2017-10-31	1.16501	1.3207	0.68754
2017-11-01	1.16454	1.32822	0.68461
2017-11-02	1.16181	1.3242	0.68851
2017-11-03	1.16576	1.3058100000000001	0.69121
2017-11-06	1.16127	1.3066900000000001	0.69048
2017-11-07	1.16085	1.31686	0.69446
2017-11-08	1.1585	1.31638	0.68964
2017-11-09	1.15942	1.31109	0.69612
2017-11-10	1.16385	1.3146	0.69447
2017-11-13	1.16563	1.3172	0.69242
2017-11-14	1.16662	1.31142	0.69003
2017-11-15	1.1796	1.31642	0.68739
2017-11-16	1.17907	1.3171300000000001	0.6869
2017-11-17	1.17708	1.3192599999999999	0.68453
2017-11-20	1.17864	1.32168	0.68049
2017-11-21	1.17331	1.32324	0.68091
2017-11-22	1.17378	1.32388	0.68254
2017-11-23	1.18182	1.33181	0.68796
2017-11-24	1.18486	1.33015	0.68903
2017-11-27	1.19289	1.33208	0.68782
2017-11-28	1.18934	1.33139	0.69067
2017-11-29	1.1837	1.3342800000000001	0.68972
2017-11-30	1.18462	1.34071	0.68775
2017-12-01	1.1902300000000001	1.35267	0.68312
2017-12-04	1.18627	1.34345	0.68612
2017-12-05	1.18651	1.34811	0.68563
2017-12-06	1.18261	1.34408	0.68736
2017-12-07	1.17938	1.3388200000000001	0.68824
2017-12-08	1.17721	1.34708	0.68272
2017-12-11	1.17664	1.33707	0.68382
2017-12-12	1.17694	1.33374	0.69089
2017-12-13	1.17412	1.33163	0.69313
2017-12-14	1.18255	1.34127	0.70224
2017-12-15	1.1777199999999999	1.34281	0.69822
2017-12-18	1.17434	1.3312300000000001	0.69966
2017-12-19	1.17812	1.33817	0.69937
2017-12-20	1.18392	1.3384	0.69692
2017-12-21	1.18712	1.33756	0.70122
2017-12-22	1.18728	1.33832	0.70137
2017-12-26	1.1861	1.33598	0.70202
2017-12-27	1.18579	1.33737	0.70382
2017-12-28	1.18952	1.33968	0.70552
2017-12-29	1.19422	1.34284	0.70777
2018-01-02	1.20101	1.3496000000000001	0.71028
2018-01-03	1.20581	1.3587099999999999	0.70987
2018-01-04	1.20142	1.35115	0.70897
2018-01-05	1.20671	1.35447	0.71538
2018-01-08	1.2027700000000001	1.35549	0.71638
2018-01-09	1.19678	1.35638	0.71732
2018-01-10	1.19361	1.35395	0.71602
2018-01-11	1.19472	1.35053	0.71965
2018-01-12	1.20333	1.3535599999999999	0.72608
2018-01-15	1.21972	1.3725399999999999	0.72369
2018-01-16	1.22626	1.37916	0.72969
2018-01-17	1.22596	1.37911	0.72647
2018-01-18	1.21857	1.3822999999999999	0.72666
2018-01-19	1.22364	1.3890799999999999	0.72992
2018-01-22	1.22651	1.38876	0.72802
2018-01-23	1.22611	1.39835	0.73274
2018-01-24	1.22988	1.40027	0.73525
2018-01-25	1.24087	1.42352	0.73354
2018-01-26	1.23917	1.41309	0.73208
2018-01-29	1.2423	1.41344	0.73414
2018-01-30	1.2381199999999999	1.40733	0.73223
2018-01-31	1.24023	1.41449	0.73285
2018-02-01	1.241	1.4169800000000001	0.73587
2018-02-02	1.25125	1.42506	0.73962
2018-02-05	1.24309	1.4104	0.72892
2018-02-06	1.23662	1.39572	0.7262
2018-02-07	1.23753	1.3946100000000001	0.73399
2018-02-08	1.2261	1.3874	0.72332
2018-02-09	1.22452	1.39099	0.72165
2018-02-12	1.22433	1.38066	0.72433
2018-02-13	1.22907	1.3835600000000001	0.72611
2018-02-14	1.23503	1.38872	0.72724
2018-02-15	1.24489	1.39939	0.73646
2018-02-16	1.25045	1.4098600000000001	0.74055
2018-02-19	1.24013	1.40106	0.73742
2018-02-20	1.24071	1.3994900000000001	0.73695
2018-02-21	1.23365	1.3992200000000001	0.73466
2018-02-22	1.22816	1.39171	0.73176
2018-02-23	1.23286	1.39507	0.73382
2018-02-26	1.22936	1.3982299999999999	0.72832
2018-02-27	1.23163	1.39655	0.73016
2018-02-28	1.22318	1.3904	0.72344
2018-03-01	1.21924	1.37585	0.72066
2018-03-02	1.2265	1.37735	0.72468
2018-03-05	1.23274	1.37995	0.72278
2018-03-06	1.23357	1.38484	0.7225
2018-03-07	1.24035	1.38862	0.72878
2018-03-08	1.24103	1.38899	0.72746
2018-03-09	1.23106	1.38062	0.7259
2018-03-12	1.2312400000000001	1.38465	0.72943
2018-03-13	1.23385	1.39059	0.72912
2018-03-14	1.23892	1.39623	0.73232
2018-03-15	1.23663	1.39609	0.73309
2018-03-16	1.23043	1.39359	0.72754
2018-03-19	1.22854	1.39349	0.72184
2018-03-20	1.23357	1.40238	0.72437
2018-03-21	1.2241	1.39971	0.71836
2018-03-22	1.23377	1.41406	0.72269
2018-03-23	1.23014	1.40961	0.72072
2018-03-26	1.23516	1.41329	0.72303
2018-03-27	1.24466	1.42289	0.72972
2018-03-28	1.24025	1.41566	0.72647
2018-03-29	1.23082	1.40768	0.72101
2018-03-30	1.23	1.40171	0.72277
2018-04-02	1.23174	1.40158	0.72327
2018-04-03	1.23008	1.40435	0.72092
2018-04-04	1.22688	1.4052799999999999	0.72542
2018-04-05	1.22779	1.40797	0.73052
2018-04-06	1.2239200000000001	1.40009	0.7271
2018-04-09	1.2281	1.40862	0.72722
2018-04-10	1.23203	1.41284	0.73033
2018-04-11	1.23552	1.41731	0.73564
2018-04-12	1.2366	1.41751	0.73565
2018-04-13	1.23257	1.42259	0.73719
2018-04-16	1.23262	1.42314	0.73487
2018-04-17	1.23792	1.43366	0.73606
2018-04-18	1.23703	1.42853	0.73397
2018-04-19	1.23735	1.42	0.73201
2018-04-20	1.23447	1.40819	0.72679
2018-04-23	1.22774	1.39957	0.72152
2018-04-24	1.22081	1.39387	0.71474
2018-04-25	1.22312	1.39748	0.71166
2018-04-26	1.21607	1.3924699999999999	0.70675
2018-04-27	1.21033	1.39115	0.70607
2018-04-30	1.21245	1.3773900000000001	0.70798
2018-05-01	1.20756	1.3755899999999999	0.70337
2018-05-02	1.1992	1.36139	0.70039
2018-05-03	1.19502	1.35709	0.69863
2018-05-04	1.19873	1.35733	0.70402
2018-05-07	1.1958199999999999	1.3533	0.70189
2018-05-08	1.19224	1.35569	0.7007
2018-05-09	1.18592	1.35423	0.69665
2018-05-10	1.18494	1.35436	0.69568
2018-05-11	1.1914	1.35131	0.69614
2018-05-14	1.1939	1.35373	0.69592
2018-05-15	1.19253	1.35548	0.69121
2018-05-16	1.18383	1.35038	0.68602
2018-05-17	1.18066	1.34833	0.68922
2018-05-18	1.17942	1.3514599999999999	0.68752
2018-05-21	1.17705	1.34628	0.69141
2018-05-22	1.17885	1.34237	0.69446
2018-05-23	1.17785	1.34314	0.69302
2018-05-24	1.16952	1.33346	0.69167
2018-05-25	1.17194	1.3377	0.69187
2018-05-28	1.16818	1.33129	0.6918
2018-05-29	1.16238	1.33063	0.6942
2018-05-30	1.1532499999999999	1.32443	0.68974
2018-05-31	1.1661	1.32832	0.69852
2018-06-01	1.1686	1.32937	0.69966
2018-06-04	1.16566	1.33351	0.69776
2018-06-05	1.1699	1.33127	0.70196
2018-06-06	1.17135	1.33779	0.70192
2018-06-07	1.17746	1.3409499999999999	0.70323
2018-06-08	1.17983	1.34206	0.70255
2018-06-11	1.17737	1.34086	0.70176
2018-06-12	1.17821	1.33765	0.70157
2018-06-13	1.17436	1.33716	0.70023
2018-06-14	1.17912	1.33697	0.7015
2018-06-15	1.15685	1.32611	0.69736
2018-06-18	1.15865	1.32672	0.6942
2018-06-19	1.16222	1.32439	0.69362
2018-06-20	1.1587399999999999	1.31753	0.68946
2018-06-21	1.1571799999999999	1.3169	0.68629
2018-06-22	1.15995	1.3232	0.68592
2018-06-25	1.16651	1.32545	0.6908
2018-06-26	1.17032	1.3277	0.68856
2018-06-27	1.16452	1.32198	0.68468
2018-06-28	1.15528	1.31128	0.67964
2018-06-29	1.15671	1.30769	0.67554
2018-07-02	1.16835	1.31948	0.67885
2018-07-03	1.16387	1.31476	0.67142
2018-07-04	1.16557	1.31893	0.67542
2018-07-05	1.16551	1.3205	0.67582
2018-07-06	1.16898	1.32092	0.67822
2018-07-09	1.17405	1.33159	0.68351
2018-07-10	1.17503	1.32559	0.68312
2018-07-11	1.17441	1.32679	0.68349
2018-07-12	1.16733	1.32026	0.67572
2018-07-13	1.16703	1.32047	0.67732
2018-07-16	1.1681300000000001	1.32284	0.67612
2018-07-17	1.17098	1.32336	0.67757
2018-07-18	1.16598	1.31119	0.67813
2018-07-19	1.1637	1.30681	0.67928
2018-07-20	1.16412	1.30129	0.6741
2018-07-23	1.17276	1.3121	0.67934
2018-07-24	1.16916	1.31003	0.67832
2018-07-25	1.16812	1.31433	0.67885
2018-07-26	1.17294	1.31877	0.68346
2018-07-27	1.16414	1.31051	0.67792
2018-07-30	1.16537	1.31064	0.67925
2018-07-31	1.17052	1.31318	0.68068
2018-08-01	1.16915	1.3119100000000001	0.68108
2018-08-02	1.16592	1.31165	0.67902
2018-08-03	1.15845	1.30129	0.67361
2018-08-06	1.15678	1.30011	0.67458
2018-08-07	1.15533	1.29462	0.67312
2018-08-08	1.15984	1.29385	0.67334
2018-08-09	1.16096	1.28799	0.67254
2018-08-10	1.15261	1.28263	0.66124
2018-08-13	1.13773	1.27459	0.65752
2018-08-14	1.14092	1.2757	0.65797
2018-08-15	1.13463	1.27198	0.65691
2018-08-16	1.13464	1.26967	0.65601
2018-08-17	1.13757	1.27115	0.65821
2018-08-20	1.1438	1.27429	0.66395
2018-08-21	1.14807	1.27957	0.66346
2018-08-22	1.15703	1.28897	0.66852
2018-08-23	1.15945	1.2902	0.66922
2018-08-24	1.15378	1.28098	0.66282
2018-08-27	1.16191	1.28342	0.66785
2018-08-28	1.16776	1.28901	0.66922
2018-08-29	1.16949	1.28643	0.66941
2018-08-30	1.17064	1.30234	0.67112
2018-08-31	1.16663	1.30038	0.66532
2018-09-03	1.16078	1.29153	0.66186
2018-09-04	1.16182	1.28658	0.65982
2018-09-05	1.15811	1.28553	0.65471
2018-09-06	1.163	1.28908	0.65822
2018-09-07	1.16219	1.29254	0.65802
2018-09-10	1.1550799999999999	1.29213	0.65328
2018-09-11	1.1592500000000001	1.30228	0.65222
2018-09-12	1.1605	1.30257	0.65232
2018-09-13	1.16255	1.30377	0.65572
2018-09-14	1.16896	1.31059	0.65652
2018-09-17	1.16216	1.3069	0.65477
2018-09-18	1.1682299999999999	1.3146499999999999	0.65672
2018-09-19	1.16637	1.31467	0.65802
2018-09-20	1.16724	1.3135	0.66102
2018-09-21	1.17763	1.3260399999999999	0.66838
2018-09-24	1.17424	1.30801	0.66821
2018-09-25	1.17478	1.31183	0.66402
2018-09-26	1.17652	1.31765	0.66442
2018-09-27	1.17364	1.31641	0.66585
2018-09-28	1.16402	1.30728	0.66089
2018-10-01	1.16173	1.3036400000000001	0.66154
2018-10-02	1.15791	1.3041800000000001	0.66096
2018-10-03	1.15458	1.29768	0.65879
2018-10-04	1.1473200000000001	1.29405	0.65105
2018-10-05	1.1514	1.30205	0.64752
2018-10-08	1.15214	1.31205	0.64391
2018-10-09	1.1478	1.3077	0.64472
2018-10-10	1.1488	1.31406	0.64682
2018-10-11	1.15188	1.31884	0.64442
2018-10-12	1.158	1.32198	0.65077
2018-10-15	1.1558	1.3084799999999999	0.65016
2018-10-16	1.1579	1.31498	0.65498
2018-10-17	1.15731	1.31758	0.65682
2018-10-18	1.15002	1.31101	0.65457
2018-10-19	1.1452	1.30168	0.65412
2018-10-22	1.15161	1.30617	0.66083
2018-10-23	1.14638	1.29552	0.65497
2018-10-24	1.147	1.2981500000000001	0.65492
2018-10-25	1.13914	1.28787	0.65202
2018-10-26	1.1373199999999999	1.28143	0.65158
2018-10-29	1.13933	1.2823	0.65241
2018-10-30	1.13719	1.27918	0.65202
2018-10-31	1.1342	1.26969	0.65531
2018-11-01	1.13097	1.27647	0.65153
2018-11-02	1.1407	1.2997	0.66452
2018-11-05	1.13864	1.30118	0.66348
2018-11-06	1.14065	1.30405	0.66435
2018-11-07	1.14261	1.30961	0.67359
2018-11-08	1.14255	1.31237	0.67805
2018-11-09	1.1363	1.30605	0.67501
2018-11-12	1.1323	1.29227	0.67263
2018-11-13	1.12177	1.28468	0.67088
2018-11-14	1.12874	1.29675	0.67577
2018-11-15	1.13071	1.29823	0.67853
2018-11-16	1.13251	1.27627	0.68242
2018-11-19	1.14134	1.2836699999999999	0.68641
2018-11-20	1.14514	1.2843200000000001	0.68356
2018-11-21	1.13692	1.27861	0.67832
2018-11-22	1.13817	1.27743	0.68319
2018-11-23	1.13997	1.28692	0.6812
2018-11-26	1.13405	1.2822	0.6759
2018-11-27	1.13272	1.28034	0.67686
2018-11-28	1.12863	1.27421	0.67846
2018-11-29	1.13655	1.28231	0.68663
2018-11-30	1.13917	1.27805	0.68565
2018-12-03	1.1342	1.27412	0.6917
2018-12-04	1.13527	1.2723	0.69244
2018-12-05	1.13415	1.27133	0.69286
2018-12-06	1.13443	1.27317	0.68978
2018-12-07	1.13692	1.27726	0.68728
2018-12-10	1.13916	1.27061	0.68652
2018-12-11	1.13545	1.25601	0.68679
2018-12-12	1.13153	1.24817	0.68709
2018-12-13	1.13682	1.26231	0.68484
2018-12-14	1.13557	1.2657	0.68516
2018-12-17	1.13031	1.25666	0.67961
2018-12-18	1.13471	1.26144	0.68044
2018-12-19	1.13619	1.2631000000000001	0.68399
2018-12-20	1.1372200000000001	1.26057	0.67638
2018-12-21	1.14447	1.26521	0.67734
2018-12-24	1.1368	1.26431	0.67235
2018-12-26	1.14116	1.266	0.67194
2018-12-27	1.13504	1.26319	0.67267
2018-12-28	1.14283	1.26409	0.6697
2018-12-31	1.1436600000000001	1.2691	0.67096
2019-01-02	1.14619	1.27313	0.67154
2019-01-03	1.13422	1.26022	0.66522
2019-01-04	1.13896	1.26182	0.66913
2019-01-07	1.13953	1.27203	0.67402
2019-01-08	1.1473200000000001	1.2769	0.67506
2019-01-09	1.14398	1.27125	0.67202
2019-01-10	1.15417	1.27862	0.67867
2019-01-11	1.14991	1.2736100000000001	0.67771
2019-01-14	1.1459	1.2854700000000001	0.68253
2019-01-15	1.14678	1.28544	0.68212
2019-01-16	1.1412200000000001	1.28553	0.68139
2019-01-17	1.1391	1.28751	0.67743
2019-01-18	1.13874	1.2983	0.6761
2019-01-21	1.13615	1.28723	0.67442
2019-01-22	1.13644	1.28904	0.67294
2019-01-23	1.13595	1.2947899999999999	0.67473
2019-01-24	1.13789	1.3066200000000001	0.67864
2019-01-25	1.13008	1.3062	0.67607
2019-01-28	1.14016	1.3186499999999999	0.68279
2019-01-29	1.14264	1.31541	0.68263
2019-01-30	1.14308	1.30637	0.68324
2019-01-31	1.14785	1.3115	0.68832
2019-02-01	1.14451	1.30989	0.69102
2019-02-04	1.14507	1.307	0.68959
2019-02-05	1.14349	1.30301	0.68781
2019-02-06	1.14049	1.29436	0.68881
2019-02-07	1.13611	1.29274	0.67734
2019-02-08	1.13391	1.295	0.6745
2019-02-11	1.13201	1.29294	0.67418
2019-02-12	1.12753	1.285	0.67318
2019-02-13	1.13248	1.28905	0.67339
2019-02-14	1.12599	1.284	0.67954
2019-02-15	1.12944	1.27977	0.6836
2019-02-18	1.13031	1.29037	0.68655
2019-02-19	1.13086	1.29224	0.68446
2019-02-20	1.13398	1.30606	0.68804
2019-02-21	1.13353	1.30401	0.68547
2019-02-22	1.1332200000000001	1.3035999999999999	0.67982
2019-02-25	1.13282	1.30499	0.68602
2019-02-26	1.13569	1.30954	0.68824
2019-02-27	1.13882	1.3250199999999999	0.68812
2019-02-28	1.13691	1.3305799999999999	0.68394
2019-03-01	1.13684	1.32593	0.68049
2019-03-04	1.13758	1.32397	0.68197
2019-03-05	1.13375	1.31644	0.681
2019-03-06	1.13073	1.3177699999999999	0.67867
2019-03-07	1.13058	1.3168199999999999	0.67662
2019-03-08	1.1193	1.30806	0.67513
2019-03-11	1.12306	1.2969300000000001	0.67892
2019-03-12	1.12439	1.31449	0.68277
2019-03-13	1.1286100000000001	1.3070300000000001	0.68593
2019-03-14	1.13264	1.3333599999999999	0.68568
2019-03-15	1.1303	1.32379	0.68127
2019-03-18	1.13205	1.32949	0.68442
2019-03-19	1.13364	1.32531	0.68522
2019-03-20	1.13509	1.32642	0.68533
2019-03-21	1.14128	1.3189	0.6882
2019-03-22	1.13723	1.30934	0.68739
2019-03-25	1.129	1.32124	0.68708
2019-03-26	1.1311	1.31856	0.69057
2019-03-27	1.12652	1.32034	0.69058
2019-03-28	1.12435	1.3185	0.67961
2019-03-29	1.1219999999999999	1.30348	0.67755
2019-04-01	1.12255	1.30383	0.68178
2019-04-02	1.12119	1.3103799999999999	0.6804
2019-04-03	1.12036	1.3118	0.67551
2019-04-04	1.12321	1.3152	0.67762
2019-04-05	1.12197	1.30707	0.67516
2019-04-08	1.1214	1.30261	0.67291
2019-04-09	1.12607	1.30578	0.67375
2019-04-10	1.12613	1.30402	0.67387
2019-04-11	1.12731	1.30829	0.67616
2019-04-12	1.12511	1.30496	0.67254
2019-04-15	1.13041	1.3069600000000001	0.67594
2019-04-16	1.1303	1.30918	0.67608
2019-04-17	1.12799	1.30439	0.67609
2019-04-18	1.12935	1.30329	0.67256
2019-04-19	1.1229	1.29795	0.66763
2019-04-22	1.12407	1.29908	0.66812
2019-04-23	1.12567	1.29764	0.66767
2019-04-24	1.1227	1.29329	0.66558
2019-04-25	1.1152	1.28963	0.65889
2019-04-26	1.11295	1.28965	0.66236
2019-04-29	1.11461	1.2917399999999999	0.66509
2019-04-30	1.11841	1.29307	0.66675
2019-05-01	1.1214	1.30261	0.66708
2019-05-02	1.11951	1.3049	0.66188
2019-05-03	1.1171	1.3030599999999999	0.66156
2019-05-06	1.11732	1.31419	0.66087
2019-05-07	1.11985	1.30941	0.66061
2019-05-08	1.11915	1.30718	0.65982
2019-05-09	1.11906	1.30029	0.65712
2019-05-10	1.12128	1.30038	0.6587
2019-05-13	1.12338	1.29929	0.65905
2019-05-14	1.12211	1.29563	0.65667
2019-05-15	1.12035	1.29029	0.65713
2019-05-16	1.11999	1.2840099999999999	0.6562
2019-05-17	1.11732	1.27895	0.65337
2019-05-20	1.11609	1.27342	0.65278
2019-05-21	1.11654	1.27207	0.65322
2019-05-22	1.11599	1.27044	0.65033
2019-05-23	1.1149499999999999	1.26574	0.64917
2019-05-24	1.11805	1.26555	0.65124
2019-05-27	1.1209	1.27249	0.6549
2019-05-28	1.11909	1.26724	0.65424
2019-05-29	1.11596	1.26515	0.65397
2019-05-30	1.11307	1.26197	0.65102
2019-05-31	1.11286	1.2601499999999999	0.65084
2019-06-03	1.11643	1.26262	0.65277
2019-06-04	1.12395	1.26621	0.65952
2019-06-05	1.12514	1.26924	0.66084
2019-06-06	1.12204	1.26819	0.661
2019-06-07	1.12751	1.26857	0.66168
2019-06-10	1.13243	1.27307	0.6657
2019-06-11	1.13105	1.26824	0.66014
2019-06-12	1.1325	1.27179	0.65796
2019-06-13	1.12865	1.26863	0.65711
2019-06-14	1.12759	1.26703	0.65637
2019-06-17	1.12104	1.2579799999999999	0.6495
2019-06-18	1.12171	1.25308	0.64918
2019-06-19	1.11939	1.25543	0.65272
2019-06-20	1.12259	1.26362	0.65347
2019-06-21	1.12914	1.26941	0.65816
2019-06-24	1.1371	1.2735699999999999	0.65855
2019-06-25	1.13968	1.27376	0.66163
2019-06-26	1.13653	1.26813	0.66372
2019-06-27	1.13674	1.2684199999999999	0.66766
2019-06-28	1.13685	1.26673	0.6699
2019-07-01	1.13603	1.26948	0.6722
2019-07-02	1.1284399999999999	1.26339	0.66676
2019-07-03	1.12841	1.25899	0.66689
2019-07-04	1.12763	1.2570999999999999	0.67037
2019-07-05	1.12841	1.25713	0.66836
2019-07-08	1.12213	1.2524899999999999	0.66248
2019-07-09	1.12136	1.2508	0.66162
2019-07-10	1.12077	1.24587	0.66022
2019-07-11	1.125	1.24981	0.66405
2019-07-12	1.12526	1.2515399999999999	0.6656
2019-07-15	1.12681	1.25611	0.66826
2019-07-16	1.12574	1.25141	0.67161
2019-07-17	1.12086	1.24018	0.66921
2019-07-18	1.12235	1.24308	0.67274
2019-07-19	1.1274899999999999	1.25423	0.67797
2019-07-22	1.12141	1.2484	0.67584
2019-07-23	1.12079	1.24719	0.67569
2019-07-24	1.1151	1.24342	0.67023
2019-07-25	1.11393	1.24807	0.67038
2019-07-26	1.11462	1.24477	0.66622
2019-07-29	1.11256	1.23762	0.66299
2019-07-30	1.11449	1.2215799999999999	0.66294
2019-07-31	1.11538	1.21455	0.66127
2019-08-01	1.10752	1.21473	0.65581
2019-08-02	1.10836	1.21156	0.65494
2019-08-05	1.11066	1.2157499999999999	0.65223
2019-08-06	1.12025	1.21383	0.65288
2019-08-07	1.11979	1.21618	0.65176
2019-08-08	1.11978	1.21357	0.64401
2019-08-09	1.11792	1.21299	0.64773
2019-08-12	1.11979	1.2049	0.64656
2019-08-13	1.12125	1.20725	0.64405
2019-08-14	1.11703	1.20549	0.64448
2019-08-15	1.1137	1.20534	0.64299
2019-08-16	1.11061	1.20875	0.64427
2019-08-19	1.10928	1.21521	0.64258
2019-08-20	1.10768	1.21241	0.64019
2019-08-21	1.10979	1.21648	0.64134
2019-08-22	1.10837	1.21215	0.63993
2019-08-23	1.1078999999999999	1.22413	0.63599
2019-08-26	1.11478	1.22679	0.63829
2019-08-27	1.10993	1.22132	0.63858
2019-08-28	1.10883	1.22847	0.63606
2019-08-29	1.10766	1.22036	0.63338
2019-08-30	1.1056	1.21761	0.63093
2019-09-02	1.09895	1.21363	0.62957
2019-09-03	1.09649	1.2058200000000001	0.63044
2019-09-04	1.0972	1.20788	0.63308
2019-09-05	1.10338	1.22495	0.63548
2019-09-06	1.10337	1.23222	0.63681
2019-09-09	1.1025	1.22708	0.64155
2019-09-10	1.10442	1.23405	0.64125
2019-09-11	1.1043	1.23484	0.64163
2019-09-12	1.101	1.23177	0.6407
2019-09-13	1.10626	1.23255	0.64033
2019-09-16	1.10739	1.24807	0.63729
2019-09-17	1.09991	1.24206	0.63461
2019-09-18	1.10709	1.24953	0.63486
2019-09-19	1.10292	1.24643	0.63161
2019-09-20	1.104	1.25173	0.62965
2019-09-23	1.10112	1.24654	0.62609
2019-09-24	1.09922	1.2423	0.62917
2019-09-25	1.10183	1.24773	0.63225
2019-09-26	1.0941	1.23451	0.62668
2019-09-27	1.0919	1.23159	0.62911
2019-09-30	1.09399	1.22879	0.62853
2019-10-01	1.08977	1.2278	0.62588
2019-10-02	1.09316	1.22934	0.62406
2019-10-03	1.09589	1.22917	0.62657
2019-10-04	1.09616	1.23212	0.62955
2019-10-07	1.09799	1.23044	0.63024
2019-10-08	1.09688	1.22875	0.62858
2019-10-09	1.09554	1.22081	0.62914
2019-10-10	1.09694	1.22012	0.62895
2019-10-11	1.10046	1.24283	0.63143
2019-10-14	1.10327	1.26329	0.63287
2019-10-15	1.10247	1.2606600000000001	0.62966
2019-10-16	1.1031900000000001	1.27773	0.62908
2019-10-17	1.10707	1.2824499999999999	0.62872
2019-10-18	1.1121	1.28842	0.63452
2019-10-21	1.11622	1.2948	0.63756
2019-10-22	1.11492	1.29576	0.63978
2019-10-23	1.11242	1.28696	0.64035
2019-10-24	1.11295	1.2904900000000001	0.642
2019-10-25	1.11032	1.28476	0.63801
2019-10-28	1.10776	1.28119	0.63481
2019-10-29	1.10989	1.28524	0.63487
2019-10-30	1.11113	1.28515	0.63546
2019-10-31	1.115	1.28958	0.63859
2019-11-01	1.11509	1.29383	0.64115
2019-11-04	1.11686	1.29306	0.64341
2019-11-05	1.11265	1.28783	0.63991
2019-11-06	1.1074	1.28809	0.63728
2019-11-07	1.10652	1.2852700000000001	0.63667
2019-11-08	1.10496	1.2805	0.63621
2019-11-11	1.10179	1.27907	0.63348
2019-11-12	1.10318	1.28458	0.63534
2019-11-13	1.10078	1.28429	0.63278
2019-11-14	1.10067	1.2847	0.64087
2019-11-15	1.10203	1.28804	0.63796
2019-11-18	1.1048	1.29121	0.64007
2019-11-19	1.10711	1.29501	0.63958
2019-11-20	1.10773	1.29218	0.64281
2019-11-21	1.10712	1.29215	0.64154
2019-11-22	1.10575	1.29037	0.63956
2019-11-25	1.10184	1.28513	0.64098
2019-11-26	1.10124	1.28933	0.64157
2019-11-27	1.10211	1.28636	0.64223
2019-11-28	1.09988	1.29136	0.64165
2019-11-29	1.10059	1.29043	0.64119
2019-12-02	1.10229	1.29155	0.64328
2019-12-03	1.10782	1.29342	0.65014
2019-12-04	1.10791	1.2982	0.65176
2019-12-05	1.10766	1.31027	0.65224
2019-12-06	1.1103399999999999	1.31568	0.65412
2019-12-09	1.10569	1.31335	0.65571
2019-12-10	1.10634	1.31353	0.65438
2019-12-11	1.1090200000000001	1.31525	0.65425
2019-12-12	1.11289	1.31942	0.6584
2019-12-13	1.11551	1.33496	0.65937
2019-12-16	1.11279	1.3335	0.66006
2019-12-17	1.11424	1.3321	0.65955
2019-12-18	1.11481	1.31261	0.65668
2019-12-19	1.11125	1.30755	0.65872
2019-12-20	1.11199	1.3007900000000001	0.6606
2019-12-23	1.10794	1.30029	0.65977
2019-12-24	1.10882	1.293	0.66323
2019-12-26	1.10892	1.29507	0.66325
2019-12-27	1.1096300000000001	1.2985	0.66651
2019-12-30	1.11731	1.30857	0.67001
2019-12-31	1.11972	1.31106	0.67267
2020-01-02	1.1212	1.32453	0.67185
2020-01-03	1.11707	1.31326	0.66898
2020-01-06	1.1165	1.30806	0.66578
2020-01-07	1.11961	1.3162099999999999	0.66675
2020-01-08	1.11521	1.31204	0.66403
2020-01-09	1.11049	1.30919	0.66472
2020-01-10	1.11053	1.30657	0.66142
2020-01-13	1.1118999999999999	1.30375	0.66388
2020-01-14	1.11333	1.29862	0.6629
2020-01-15	1.11283	1.30175	0.66109
2020-01-16	1.11492	1.30374	0.66162
2020-01-17	1.11352	1.30771	0.66337
2020-01-20	1.10905	1.30012	0.6612
2020-01-21	1.10933	1.3007	0.66058
2020-01-22	1.10813	1.30475	0.65956
2020-01-23	1.10921	1.31376	0.65931
2020-01-24	1.10527	1.31241	0.66172
2020-01-27	1.10303	1.3074	0.65835
2020-01-28	1.10174	1.30563	0.65439
2020-01-29	1.10219	1.30273	0.65446
2020-01-30	1.10099	1.30171	0.65258
2020-01-31	1.10302	1.3091300000000001	0.64857
2020-02-03	1.1091199999999999	1.3176	0.64686
2020-02-04	1.10589	1.29924	0.64614
2020-02-05	1.10444	1.3031	0.64899
2020-02-06	1.09983	1.2999100000000001	0.6473
2020-02-07	1.09803	1.2925	0.64578
2020-02-10	1.09419	1.28826	0.64031
2020-02-11	1.09106	1.29127	0.63835
2020-02-12	1.0915	1.295	0.64031
2020-02-13	1.08725	1.29584	0.64645
2020-02-14	1.08389	1.30398	0.64369
2020-02-17	1.08405	1.30332	0.64453
2020-02-18	1.08333	1.30022	0.6433
2020-02-19	1.07916	1.29961	0.6385
2020-02-20	1.0803	1.29177	0.6385
2020-02-21	1.07834	1.28813	0.63296
2020-02-24	1.08264	1.29454	0.63172
2020-02-25	1.08524	1.29267	0.63378
2020-02-26	1.08802	1.30039	0.63197
2020-02-27	1.08797	1.2897	0.62879
2020-02-28	1.09997	1.28839	0.63049
2020-03-02	1.10435	1.28129	0.62043
2020-03-03	1.11326	1.2751700000000001	0.62599
2020-03-04	1.11691	1.28079	0.62748
2020-03-05	1.11342	1.28699	0.62969
2020-03-06	1.12355	1.29489	0.6299
2020-03-09	1.13434	1.3074	0.63132
2020-03-10	1.1437599999999999	1.31152	0.63328
2020-03-11	1.1278299999999999	1.28998	0.62669
2020-03-12	1.12674	1.28141	0.62668
2020-03-13	1.11828	1.25565	0.60786
2020-03-16	1.1102	1.22976	0.60631
2020-03-17	1.11788	1.22655	0.6039
2020-03-18	1.09974	1.20508	0.59238
2020-03-19	1.09094	1.16082	0.57349
2020-03-20	1.06893	1.14814	0.56598
2020-03-23	1.0705	1.1663000000000001	0.56695
2020-03-24	1.07253	1.1535199999999999	0.57157
2020-03-25	1.07847	1.17512	0.58228
2020-03-26	1.08806	1.18809	0.58491
2020-03-27	1.10303	1.21959	0.59569
2020-03-30	1.11133	1.24147	0.60271
2020-03-31	1.10406	1.2417	0.60138
2020-04-01	1.10302	1.24093	0.59581
2020-04-02	1.09603	1.23684	0.59129
2020-04-03	1.08555	1.23928	0.59124
2020-04-06	1.08096	1.22267	0.58706
2020-04-07	1.07902	1.22278	0.59266
2020-04-08	1.08896	1.23328	0.59728
2020-04-09	1.08556	1.23806	0.60029
2020-04-10	1.09289	1.24508	0.60848
2020-04-13	1.09399	1.24509	0.60705
2020-04-14	1.09079	1.2502499999999999	0.60846
2020-04-15	1.09799	1.26219	0.61039
2020-04-16	1.09097	1.25209	0.59929
2020-04-17	1.08382	1.24542	0.59597
2020-04-20	1.08685	1.24931	0.60326
2020-04-21	1.0860400000000001	1.24305	0.60339
2020-04-22	1.08565	1.22934	0.5962
2020-04-23	1.08221	1.23316	0.59512
2020-04-24	1.07754	1.2343899999999999	0.60059
2020-04-27	1.08206	1.23618	0.59971
2020-04-28	1.08276	1.24259	0.60456
2020-04-29	1.08188	1.2422900000000001	0.60543
2020-04-30	1.08747	1.24704	0.6131
2020-05-01	1.09508	1.25942	0.61249
2020-05-04	1.09679	1.24824	0.60525
2020-05-05	1.09068	1.24409	0.60479
2020-05-06	1.08339	1.24319	0.60503
2020-05-07	1.07943	1.23379	0.60105
2020-05-08	1.08308	1.23596	0.60858
2020-05-11	1.08251	1.24051	0.61368
2020-05-12	1.08057	1.23319	0.60765
2020-05-13	1.08474	1.22554	0.6073
2020-05-14	1.0817	1.22316	0.59923
2020-05-15	1.08038	1.22296	0.5998
2020-05-18	1.08079	1.20859	0.59345
2020-05-19	1.09119	1.21929	0.60379
2020-05-20	1.09217	1.22493	0.60739
2020-05-21	1.09776	1.22344	0.61439
2020-05-22	1.09462	1.22187	0.61188
2020-05-25	1.08959	1.21676	0.60898
2020-05-26	1.08954	1.21832	0.61003
2020-05-27	1.09818	1.2331	0.61968
2020-05-28	1.10088	1.22579	0.6187
2020-05-29	1.10761	1.23199	0.62074
2020-06-01	1.11161	1.23279	0.61918
2020-06-02	1.11343	1.24882	0.629
2020-06-03	1.11685	1.25489	0.63689
2020-06-04	1.12319	1.2573400000000001	0.64228
2020-06-05	1.13364	1.25939	0.64616
2020-06-08	1.12959	1.26759	0.65017
2020-06-09	1.12934	1.27216	0.65598
2020-06-10	1.1338	1.27264	0.65126
2020-06-11	1.13719	1.27461	0.65331
2020-06-12	1.12974	1.25997	0.64285
2020-06-15	1.12357	1.25142	0.64392
2020-06-16	1.13214	1.26052	0.64727
2020-06-17	1.1263	1.25709	0.64486
2020-06-18	1.12438	1.2554699999999999	0.64557
2020-06-19	1.12045	1.24207	0.64264
2020-06-22	1.11804	1.23415	0.63903
2020-06-23	1.12595	1.24679	0.64777
2020-06-24	1.1308	1.25199	0.64906
2020-06-25	1.12499	1.24191	0.64081
2020-06-26	1.12168	1.24169	0.64281
2020-06-29	1.1216	1.2331699999999999	0.6405
2020-06-30	1.12415	1.22969	0.64191
2020-07-01	1.12326	1.23992	0.64529
2020-07-02	1.1251	1.24728	0.64743
2020-07-03	1.12385	1.24669	0.65061
2020-07-06	1.12423	1.2471700000000001	0.65239
2020-07-07	1.13081	1.24908	0.65524
2020-07-08	1.1273	1.25416	0.65454
2020-07-09	1.13296	1.26084	0.65726
2020-07-10	1.12842	1.26031	0.65673
2020-07-13	1.1302699999999999	1.2618	0.65681
2020-07-14	1.13427	1.25512	0.65388
2020-07-15	1.13992	1.25519	0.65297
2020-07-16	1.1411	1.25851	0.657
2020-07-17	1.13827	1.25525	0.65346
2020-07-20	1.14136	1.2553	0.6547
2020-07-21	1.14472	1.266	0.65759
2020-07-22	1.15263	1.27305	0.66411
2020-07-23	1.15689	1.27318	0.66607
2020-07-24	1.15955	1.27385	0.66335
2020-07-27	1.16426	1.27939	0.66248
2020-07-28	1.17511	1.2880099999999999	0.66835
2020-07-29	1.17141	1.29304	0.66586
2020-07-30	1.17909	1.2995	0.66677
2020-07-31	1.18465	1.3094700000000001	0.66986
2020-08-03	1.17733	1.30742	0.66162
2020-08-04	1.17619	1.30739	0.66109
2020-08-05	1.18019	1.30705	0.66208
2020-08-06	1.18629	1.31127	0.66458
2020-08-07	1.18763	1.31409	0.66861
2020-08-10	1.17878	1.3060100000000001	0.66056
2020-08-11	1.17357	1.30715	0.65898
2020-08-12	1.1739	1.30462	0.65758
2020-08-13	1.17844	1.30311	0.65776
2020-08-14	1.1813	1.30661	0.65459
2020-08-17	1.18396	1.30896	0.65425
2020-08-18	1.18695	1.31025	0.65571
2020-08-19	1.19306	1.32367	0.65998
2020-08-20	1.1837	1.30951	0.65564
2020-08-21	1.18596	1.32129	0.65342
2020-08-24	1.17909	1.30842	0.65306
2020-08-25	1.17869	1.30614	0.65255
2020-08-26	1.18338	1.31487	0.65462
2020-08-27	1.18298	1.32088	0.66204
2020-08-28	1.18208	1.31998	0.66379
2020-08-31	1.19013	1.33442	0.67295
2020-09-01	1.19346	1.33681	0.6732
2020-09-02	1.19113	1.3382100000000001	0.67564
2020-09-03	1.18541	1.33501	0.67699
2020-09-04	1.18509	1.32791	0.67102
2020-09-07	1.18451	1.32559	0.67141
2020-09-08	1.18114	1.3161800000000001	0.66905
2020-09-09	1.17726	1.29804	0.66167
2020-09-10	1.18023	1.2999100000000001	0.66827
2020-09-11	1.18134	1.28042	0.66497
2020-09-14	1.18365	1.27732	0.66575
2020-09-15	1.18622	1.28431	0.66991
2020-09-16	1.18461	1.28875	0.67119
2020-09-17	1.18158	1.2966199999999999	0.67314
2020-09-18	1.18473	1.29709	0.6754
2020-09-21	1.18409	1.29227	0.6757
2020-09-22	1.17699	1.28145	0.66663
2020-09-23	1.1707	1.27299	0.66329
2020-09-24	1.16589	1.2723900000000001	0.6547
2020-09-25	1.16671	1.27403	0.65459
2020-09-28	1.16193	1.27554	0.65405
2020-09-29	1.16658	1.28278	0.65509
2020-09-30	1.17423	1.28538	0.65904
2020-10-01	1.17195	1.2921	0.6615
2020-10-02	1.1743999999999999	1.28839	0.66483
2020-10-05	1.17129	1.29172	0.66335
2020-10-06	1.17835	1.29767	0.66402
2020-10-07	1.17325	1.28708	0.65865
2020-10-08	1.17614	1.29165	0.65771
2020-10-09	1.17596	1.29359	0.65812
2020-10-12	1.1817199999999999	1.3024200000000001	0.66547
2020-10-13	1.18108	1.30619	0.66458
2020-10-14	1.17424	1.29324	0.66468
2020-10-15	1.17444	1.3008899999999999	0.66554
2020-10-16	1.17059	1.29022	0.65964
2020-10-19	1.17182	1.2895400000000001	0.66004
2020-10-20	1.17696	1.29402	0.66037
2020-10-21	1.18214	1.2944200000000001	0.65782
2020-10-22	1.18549	1.31406	0.66538
2020-10-23	1.18175	1.30774	0.66745
2020-10-26	1.18531	1.30526	0.66799
2020-10-27	1.18086	1.30232	0.66773
2020-10-28	1.17944	1.30458	0.6706
2020-10-29	1.1745	1.2981099999999999	0.66377
2020-10-30	1.16726	1.29258	0.6627
2020-11-02	1.16478	1.29238	0.6603
2020-11-03	1.16401	1.29173	0.66338
2020-11-04	1.1716	1.30572	0.66986
2020-11-05	1.1721300000000001	1.29812	0.66909
2020-11-06	1.18279	1.31439	0.67679
2020-11-09	1.18879	1.31574	0.67864
2020-11-10	1.18126	1.3161100000000001	0.68167
2020-11-11	1.18116	1.3268900000000001	0.68256
2020-11-12	1.17773	1.32188	0.6881
2020-11-13	1.18034	1.3115299999999999	0.68398
2020-11-16	1.18365	1.3170600000000001	0.68429
2020-11-17	1.18499	1.32019	0.69028
2020-11-18	1.1859899999999999	1.3247499999999999	0.68897
2020-11-19	1.18517	1.32651	0.69228
2020-11-20	1.18732	1.32581	0.6918
2020-11-23	1.18519	1.32913	0.69274
2020-11-24	1.18381	1.33213	0.69218
2020-11-25	1.18896	1.33602	0.69743
2020-11-26	1.19114	1.33839	0.70058
2020-11-27	1.1912099999999999	1.33517	0.70005
2020-11-30	1.19561	1.3308200000000001	0.70168
2020-12-01	1.19229	1.3318699999999999	0.70115
2020-12-02	1.20674	1.34157	0.70654
2020-12-03	1.21134	1.33621	0.70649
2020-12-04	1.21439	1.34461	0.70757
2020-12-07	1.21192	1.34336	0.70382
2020-12-08	1.21071	1.33764	0.70406
2020-12-09	1.21028	1.33513	0.70425
2020-12-10	1.20802	1.33984	0.70233
2020-12-11	1.21408	1.32851	0.70947
2020-12-14	1.2135799999999999	1.33454	0.70997
2020-12-15	1.21417	1.33237	0.70798
2020-12-16	1.21518	1.34627	0.70859
2020-12-17	1.21983	1.35076	0.71117
2020-12-18	1.22676	1.35751	0.71472
2020-12-21	1.22237	1.34073	0.7112
2020-12-22	1.22411	1.34546	0.70979
2020-12-23	1.21611	1.33575	0.70365
2020-12-24	1.2184599999999999	1.34909	0.70943
2020-12-28	1.21805	1.35473	0.70914
2020-12-29	1.22139	1.34461	0.71004
2020-12-30	1.22491	1.34992	0.71476
2020-12-31	1.22988	1.36234	0.72037
2021-01-04	1.22151	1.3659	0.71819
2021-01-05	1.22496	1.35644	0.71737
2021-01-06	1.22966	1.3624100000000001	0.72488
2021-01-07	1.23242	1.3605800000000001	0.72901
2021-01-08	1.22682	1.35593	0.72526
2021-01-11	1.22217	1.35592	0.72363
2021-01-12	1.21492	1.35111	0.71588
2021-01-13	1.2207	1.36626	0.7224
2021-01-14	1.2157	1.3631199999999999	0.71749
2021-01-15	1.21536	1.36841	0.72203
2021-01-18	1.20769	1.35826	0.71297
2021-01-19	1.20769	1.35842	0.71027
2021-01-20	1.21281	1.36297	0.71158
2021-01-21	1.2105	1.36508	0.71689
2021-01-22	1.21655	1.373	0.72141
2021-01-25	1.21688	1.36819	0.71715
2021-01-26	1.21379	1.36584	0.7194
2021-01-27	1.21599	1.37297	0.7236
2021-01-28	1.21073	1.36767	0.7155
2021-01-29	1.21186	1.37127	0.71682
2021-02-01	1.21303	1.37039	0.71654
2021-02-02	1.20606	1.3657599999999999	0.7156
2021-02-03	1.20428	1.36622	0.7187
2021-02-04	1.2032	1.36374	0.72043
2021-02-05	1.19637	1.36598	0.71505
2021-02-08	1.20371	1.37161	0.7188
2021-02-09	1.20451	1.37317	0.7216
2021-02-10	1.2116	1.38087	0.7237
2021-02-11	1.21174	1.38273	0.7206
2021-02-12	1.21273	1.38105	0.72298
2021-02-15	1.21235	1.3848099999999999	0.72091
2021-02-16	1.21288	1.39044	0.7225
2021-02-17	1.21054	1.38974	0.7211
2021-02-18	1.20386	1.38528	0.71901
2021-02-19	1.2092100000000001	1.39627	0.7215
2021-02-22	1.21187	1.40114	0.72918
2021-02-23	1.21548	1.40577	0.73205
2021-02-24	1.21448	1.41061	0.73313
2021-02-25	1.21616	1.41373	0.74381
2021-02-26	1.21773	1.40049	0.73689
2021-03-01	1.20699	1.3930799999999999	0.72365
2021-03-02	1.20488	1.39239	0.72695
2021-03-03	1.20895	1.39517	0.72742
2021-03-04	1.20624	1.39473	0.72448
2021-03-05	1.19675	1.38911	0.71899
2021-03-08	1.19174	1.38041	0.71665
2021-03-09	1.18462	1.38172	0.71198
2021-03-10	1.18939	1.38774	0.71676
2021-03-11	1.19274	1.39196	0.71948
2021-03-12	1.19817	1.39859	0.72248
2021-03-15	1.19494	1.39179	0.71755
2021-03-16	1.19268	1.38907	0.71929
2021-03-17	1.19001	1.38864	0.71728
2021-03-18	1.19797	1.3961999999999999	0.72393
2021-03-19	1.19119	1.39254	0.71598
2021-03-22	1.18765	1.38379	0.71414
2021-03-23	1.19327	1.38557	0.71598
2021-03-24	1.18498	1.3746399999999999	0.69918
2021-03-25	1.18134	1.36835	0.69616
2021-03-26	1.17646	1.37259	0.69448
2021-03-29	1.17907	1.3780999999999999	0.69918
2021-03-30	1.17632	1.37601	0.69971
2021-03-31	1.17168	1.37297	0.69783
2021-04-01	1.17294	1.37784	0.69778
2021-04-02	1.17759	1.3830200000000001	0.70098
2021-04-05	1.17533	1.38193	0.70234
2021-04-06	1.18108	1.3891200000000001	0.70555
2021-04-07	1.18741	1.38157	0.70565
2021-04-08	1.18669	1.37326	0.70106
2021-04-09	1.19152	1.37283	0.70543
2021-04-12	1.18925	1.37048	0.70289
2021-04-13	1.19105	1.37316	0.70278
2021-04-14	1.1948	1.3749	0.70552
2021-04-15	1.1979	1.3771900000000001	0.7134
2021-04-16	1.19683	1.37734	0.71678
2021-04-19	1.19737	1.38287	0.71263
2021-04-20	1.20377	1.39855	0.71808
2021-04-21	1.20353	1.39279	0.71688
2021-04-22	1.20303	1.39232	0.72085
2021-04-23	1.20159	1.38315	0.71628
2021-04-26	1.2093099999999999	1.38699	0.71886
2021-04-27	1.20851	1.38916	0.72325
2021-04-28	1.20906	1.39084	0.72018
2021-04-29	1.21231	1.39324	0.72497
2021-04-30	1.21161	1.39331	0.72415
2021-05-03	1.20268	1.38041	0.71601
2021-05-04	1.20637	1.39005	0.71945
2021-05-05	1.20115	1.38815	0.71395
2021-05-06	1.20032	1.38896	0.72103
2021-05-07	1.20627	1.38837	0.72277
2021-05-10	1.21624	1.40031	0.72836
2021-05-11	1.21278	1.4116	0.72612
2021-05-12	1.21464	1.41375	0.72686
2021-05-13	1.20698	1.40503	0.71533
2021-05-14	1.20727	1.40445	0.71673
2021-05-17	1.21394	1.40941	0.72305
2021-05-18	1.21488	1.4130099999999999	0.72042
2021-05-19	1.22214	1.41815	0.72365
2021-05-20	1.21688	1.41093	0.71675
2021-05-21	1.22275	1.4187400000000001	0.7184
2021-05-24	1.21811	1.4145699999999999	0.71678
2021-05-25	1.22153	1.41506	0.71904
2021-05-26	1.22511	1.4144999999999999	0.72155
2021-05-27	1.21896	1.41159	0.72782
2021-05-28	1.21916	1.41975	0.72906
2021-05-31	1.21996	1.41794	0.72547
2021-06-01	1.22248	1.42045	0.72595
2021-06-02	1.22119	1.41448	0.72495
2021-06-03	1.221	1.41662	0.72362
2021-06-04	1.21258	1.40968	0.71422
2021-06-07	1.21637	1.4154499999999999	0.71928
2021-06-08	1.21903	1.41756	0.72219
2021-06-09	1.2172	1.41514	0.71925
2021-06-10	1.21771	1.41137	0.71773
2021-06-11	1.21736	1.41654	0.71917
2021-06-14	1.21072	1.41021	0.713
2021-06-15	1.21178	1.41056	0.71393
2021-06-16	1.21259	1.40789	0.71185
2021-06-17	1.19955	1.39805	0.70515
2021-06-18	1.19058	1.3909099999999999	0.69971
2021-06-21	1.18577	1.38025	0.69355
2021-06-22	1.19178	1.39331	0.69851
2021-06-23	1.19366	1.39445	0.70129
2021-06-24	1.19259	1.3957899999999999	0.70425
2021-06-25	1.19308	1.3908800000000001	0.70551
2021-06-28	1.1933799999999999	1.38809	0.70605
2021-06-29	1.19232	1.38782	0.70349
2021-06-30	1.18952	1.38355	0.69868
2021-07-01	1.18567	1.38279	0.69837
2021-07-02	1.18499	1.37568	0.69626
2021-07-05	1.18586	1.3818	0.70217
2021-07-06	1.18619	1.38355	0.70146
2021-07-07	1.18236	1.37945	0.70089
2021-07-08	1.17933	1.37987	0.70147
2021-07-09	1.1844000000000001	1.37725	0.69439
2021-07-12	1.18742	1.38894	0.6986
2021-07-13	1.18603	1.38754	0.69776
2021-07-14	1.17747	1.38053	0.69401
2021-07-15	1.18349	1.38559	0.70313
2021-07-16	1.18067	1.38208	0.6974
2021-07-19	1.1807	1.37645	0.7001
2021-07-20	1.1798899999999999	1.36714	0.69426
2021-07-21	1.17776	1.36174	0.69153
2021-07-22	1.17916	1.37054	0.69693
2021-07-23	1.17694	1.37501	0.69555
2021-07-26	1.17683	1.37479	0.69661
2021-07-27	1.18028	1.3816899999999999	0.69927
2021-07-28	1.18155	1.38766	0.69498
2021-07-29	1.1843	1.39019	0.69451
2021-07-30	1.18846	1.39546	0.70067
2021-08-02	1.18644	1.38977	0.6955
2021-08-03	1.18695	1.38746	0.6962
2021-08-04	1.18609	1.39136	0.70102
2021-08-05	1.18363	1.38884	0.70387
2021-08-06	1.18315	1.3924699999999999	0.70506
2021-08-09	1.17569	1.38707	0.70033
2021-08-10	1.1735	1.38403	0.69903
2021-08-11	1.17171	1.38333	0.70022
2021-08-12	1.17379	1.38629	0.70332
2021-08-13	1.17297	1.38012	0.69978
2021-08-16	1.17944	1.38596	0.70401
2021-08-17	1.17764	1.38395	0.70123
2021-08-18	1.17092	1.3729	0.69158
2021-08-19	1.17122	1.3749	0.68748
2021-08-20	1.16767	1.36277	0.68221
2021-08-23	1.16927	1.36105	0.68219
2021-08-24	1.17433	1.37106	0.68877
2021-08-25	1.1756	1.37271	0.69472
2021-08-26	1.17705	1.37602	0.6971
2021-08-27	1.17513	1.3695300000000001	0.69429
2021-08-30	1.17949	1.37524	0.6999
2021-08-31	1.17965	1.37569	0.69913
2021-09-01	1.18064	1.37479	0.70391
2021-09-02	1.18401	1.3769	0.70614
2021-09-03	1.18742	1.3832900000000001	0.71028
2021-09-06	1.1878199999999999	1.38554	0.71539
2021-09-07	1.18698	1.38231	0.71321
2021-09-08	1.18423	1.37817	0.70955
2021-09-09	1.18166	1.37708	0.70922
2021-09-10	1.18229	1.38349	0.71038
2021-09-13	1.18138	1.38314	0.71087
2021-09-14	1.18089	1.38377	0.71179
2021-09-15	1.18064	1.38083	0.70939
2021-09-16	1.1815	1.38349	0.71008
2021-09-17	1.1767	1.37914	0.70708
2021-09-20	1.17252	1.37345	0.70318
2021-09-21	1.17263	1.36464	0.70179
2021-09-22	1.17254	1.36547	0.70009
2021-09-23	1.16886	1.36099	0.69951
2021-09-24	1.17383	1.3718	0.70622
2021-09-27	1.17258	1.36663	0.69979
2021-09-28	1.16948	1.36957	0.70035
2021-09-29	1.16828	1.35336	0.69562
2021-09-30	1.15975	1.34233	0.68635
2021-10-01	1.15773	1.34696	0.68889
2021-10-04	1.15971	1.35534	0.69366
2021-10-05	1.16168	1.3603	0.6951
2021-10-06	1.15974	1.3627500000000001	0.69525
2021-10-07	1.1556	1.35788	0.69089
2021-10-08	1.15543	1.36091	0.69195
2021-10-11	1.15696	1.36205	0.69202
2021-10-12	1.15506	1.35921	0.69255
2021-10-13	1.15293	1.35829	0.6923
2021-10-14	1.15873	1.36569	0.69595
2021-10-15	1.15956	1.36715	0.7026
2021-10-18	1.15973	1.3740999999999999	0.70642
2021-10-19	1.16083	1.37257	0.7076
2021-10-20	1.16324	1.37941	0.71495
2021-10-21	1.16467	1.38202	0.71975
2021-10-22	1.16231	1.37876	0.71515
2021-10-25	1.16424	1.37401	0.71365
2021-10-26	1.16084	1.37635	0.71495
2021-10-27	1.15857	1.37633	0.71575
2021-10-28	1.16025	1.37395	0.71607
2021-10-29	1.16798	1.37926	0.7195
2021-11-01	1.15588	1.36762	0.71584
2021-11-02	1.16026	1.36627	0.71802
2021-11-03	1.15765	1.36113	0.71065
2021-11-04	1.1608100000000001	1.36842	0.71525
2021-11-05	1.1553	1.34918	0.70995
2021-11-08	1.15605	1.34867	0.71095
2021-11-09	1.15842	1.35625	0.71595
2021-11-10	1.15915	1.35569	0.71255
2021-11-11	1.14764	1.3403	0.70555
2021-11-12	1.14499	1.33678	0.702
2021-11-15	1.14463	1.34207	0.70364
2021-11-16	1.13678	1.34086	0.70421
2021-11-17	1.13214	1.34257	0.6988
2021-11-18	1.13199	1.34806	0.6991
2021-11-19	1.13685	1.34852	0.70365
2021-11-22	1.12899	1.34446	0.70013
2021-11-23	1.12356	1.3394	0.69535
2021-11-24	1.12466	1.33746	0.69493
2021-11-25	1.12019	1.3324	0.68705
2021-11-26	1.1206	1.33208	0.68535
2021-11-29	1.13061	1.33351	0.6825
2021-11-30	1.12866	1.33122	0.68235
2021-12-01	1.13405	1.32965	0.6813
2021-12-02	1.13183	1.32776	0.68005
2021-12-03	1.12996	1.32965	0.68104
2021-12-06	1.13051	1.32246	0.67499
2021-12-07	1.12815	1.32623	0.675
2021-12-08	1.12639	1.3241100000000001	0.67835
2021-12-09	1.13428	1.32025	0.6806
2021-12-10	1.1290499999999999	1.32203	0.6791
2021-12-13	1.13109	1.32547	0.67935
2021-12-14	1.12837	1.32115	0.67495
2021-12-15	1.12572	1.32259	0.67365
2021-12-16	1.12877	1.3256999999999999	0.67822
2021-12-17	1.1329	1.33192	0.67955
2021-12-20	1.12391	1.3237	0.67417
2021-12-21	1.1277300000000001	1.32047	0.6711
2021-12-22	1.12845	1.32538	0.67619
2021-12-23	1.1323	1.33481	0.68045
2021-12-24	1.1317300000000001	1.34045	0.68245
2021-12-27	1.13174	1.33895	0.6816
2021-12-28	1.1324	1.34361	0.68097
2021-12-29	1.13068	1.34293	0.67953
2021-12-30	1.13461	1.34873	0.6825
2021-12-31	1.13215	1.3495599999999999	0.6827
2022-01-03	1.13678	1.3522	0.68225
2022-01-04	1.12938	1.34722	0.6777
2022-01-05	1.12837	1.35276	0.68012
2022-01-06	1.13112	1.3554	0.67895
2022-01-07	1.12954	1.35275	0.67417
2022-01-10	1.13585	1.3575599999999999	0.67734
2022-01-11	1.13232	1.35701	0.67564
2022-01-12	1.13684	1.3633600000000001	0.6783
2022-01-13	1.14406	1.37024	0.6834
2022-01-14	1.14548	1.37072	0.6856
2022-01-17	1.14119	1.36706	0.68034
2022-01-18	1.14059	1.36422	0.67891
2022-01-19	1.13208	1.35934	0.67635
2022-01-20	1.13414	1.36107	0.67756
2022-01-21	1.13092	1.35972	0.67535
2022-01-24	1.13408	1.3548200000000001	0.67133
2022-01-25	1.13245	1.34832	0.66945
2022-01-26	1.12981	1.3501400000000001	0.66825
2022-01-27	1.12396	1.34619	0.66475
2022-01-28	1.11418	1.33743	0.65745
2022-01-31	1.11433	1.33938	0.65435
2022-02-01	1.12329	1.34436	0.65715
2022-02-02	1.12699	1.35148	0.66335
2022-02-03	1.1304	1.35732	0.66262
2022-02-04	1.14402	1.35975	0.66585
2022-02-07	1.14601	1.35345	0.66125
2022-02-08	1.1440299999999999	1.35348	0.66292
2022-02-09	1.14135	1.35407	0.66414
2022-02-10	1.14214	1.35343	0.66743
2022-02-11	1.14277	1.35535	0.66708
2022-02-14	1.1339	1.35476	0.66339
2022-02-15	1.13057	1.35191	0.66138
2022-02-16	1.13567	1.3532600000000001	0.6638
2022-02-17	1.13721	1.3578700000000001	0.66776
2022-02-18	1.13613	1.36135	0.66854
2022-02-21	1.1320999999999999	1.3587799999999999	0.66934
2022-02-22	1.13104	1.3599700000000001	0.66983
2022-02-23	1.13242	1.35723	0.6729
2022-02-24	1.13034	1.35437	0.67644
2022-02-25	1.11915	1.33685	0.66894
2022-02-28	1.11398	1.33328	0.66839
2022-03-01	1.12148	1.3421	0.67594
2022-03-02	1.11205	1.33221	0.67531
2022-03-03	1.11145	1.34021	0.67853
2022-03-04	1.1065	1.33468	0.67974
2022-03-07	1.09273	1.32229	0.68528
2022-03-08	1.08522	1.31022	0.68162
2022-03-09	1.08975	1.30992	0.68062
2022-03-10	1.10732	1.31786	0.68372
2022-03-11	1.0984	1.30822	0.68577
2022-03-14	1.0922	1.30375	0.68089
2022-03-15	1.09447	1.30045	0.67447
2022-03-16	1.09527	1.30386	0.67682
2022-03-17	1.10348	1.31486	0.68364
2022-03-18	1.10908	1.31476	0.688
2022-03-21	1.10558	1.3170600000000001	0.68937
2022-03-22	1.10148	1.31622	0.68732
2022-03-23	1.10271	1.32623	0.69612
2022-03-24	1.10045	1.3204099999999999	0.69722
2022-03-25	1.09941	1.31825	0.69507
2022-03-28	1.0985800000000001	1.31787	0.69485
2022-03-29	1.09813	1.30905	0.68892
2022-03-30	1.10853	1.30881	0.69212
2022-03-31	1.1157	1.31323	0.69748
2022-04-01	1.10629	1.31354	0.69314
2022-04-04	1.10388	1.30984	0.69105
2022-04-05	1.09715	1.3112300000000001	0.69444
2022-04-06	1.09041	1.30728	0.69452
2022-04-07	1.08914	1.30663	0.69161
2022-04-08	1.08778	1.30732	0.68864
2022-04-11	1.09085	1.3029600000000001	0.68364
2022-04-12	1.08829	1.30285	0.68214
2022-04-13	1.08255	1.30003	0.68484
2022-04-14	1.0876	1.31094	0.67924
2022-04-15	1.08283	1.30747	0.6784
2022-04-18	1.08046	1.30505	0.67664
2022-04-19	1.07789	1.3011300000000001	0.67277
2022-04-20	1.07868	1.29955	0.67307
2022-04-21	1.08488	1.30551	0.68064
2022-04-22	1.08338	1.3026900000000001	0.67316
2022-04-25	1.0806	1.2827600000000001	0.66299
2022-04-26	1.07105	1.27406	0.66117
2022-04-27	1.06361	1.25732	0.65608
2022-04-28	1.0555	1.25438	0.65408
2022-04-29	1.04989	1.24518	0.64864
2022-05-02	1.05455	1.25788	0.64642
2022-05-03	1.05022	1.24905	0.64324
2022-05-04	1.05205	1.24897	0.64332
2022-05-05	1.06176	1.26253	0.65416
2022-05-06	1.05383	1.23563	0.64232
2022-05-09	1.0541	1.23414	0.64009
2022-05-10	1.05575	1.23284	0.63201
2022-05-11	1.0527	1.23125	0.62906
2022-05-12	1.05135	1.22474	0.62882
2022-05-13	1.03754	1.21925	0.62252
2022-05-16	1.03983	1.22404	0.62672
2022-05-17	1.04306	1.23164	0.63047
2022-05-18	1.05469	1.249	0.63587
2022-05-19	1.04615	1.23357	0.62943
2022-05-20	1.0578	1.2462	0.63765
2022-05-23	1.05622	1.24726	0.63992
2022-05-24	1.06879	1.25806	0.64549
2022-05-25	1.07311	1.25267	0.64505
2022-05-26	1.06743	1.25693	0.64725
2022-05-27	1.07193	1.25835	0.64723
2022-05-30	1.07341	1.26163	0.65398
2022-05-31	1.07741	1.26504	0.6548
2022-06-01	1.07307	1.25998	0.65128
2022-06-02	1.06444	1.24813	0.6472
2022-06-03	1.07452	1.25753	0.6553
2022-06-06	1.07171	1.2484899999999999	0.65038
2022-06-07	1.06953	1.25298	0.64879
2022-06-08	1.06966	1.2588599999999999	0.64882
2022-06-09	1.07159	1.25353	0.64428
2022-06-10	1.06139	1.24935	0.63812
2022-06-13	1.05149	1.23148	0.63446
2022-06-14	1.04066	1.21309	0.62609
2022-06-15	1.04067	1.19939	0.62132
2022-06-16	1.04421	1.21707	0.6285
2022-06-17	1.05465	1.2355	0.63583
2022-06-20	1.04842	1.22144	0.62982
2022-06-21	1.05066	1.22462	0.63307
2022-06-22	1.05307	1.22642	0.63321
2022-06-23	1.0564	1.22603	0.62856
2022-06-24	1.05186	1.22464	0.62659
2022-06-27	1.05491	1.22624	0.63055
2022-06-28	1.05797	1.22643	0.62985
2022-06-29	1.05181	1.2180900000000001	0.62353
2022-06-30	1.04401	1.2114	0.62188
2022-07-01	1.04825	1.21709	0.62417
2022-07-04	1.04193	1.20983	0.6182
2022-07-05	1.04165	1.20981	0.6207
2022-07-06	1.02634	1.19336	0.61681
2022-07-07	1.01797	1.19123	0.61453
2022-07-08	1.01616	1.20171	0.61739
2022-07-11	1.01741	1.20042	0.617
2022-07-12	1.00368	1.18855	0.61099
2022-07-13	1.00354	1.18786	0.6126
2022-07-14	1.00548	1.18868	0.61288
2022-07-15	1.00165	1.18169	0.61249
2022-07-18	1.00838	1.18666	0.61516
2022-07-19	1.01407	1.19411	0.61513
2022-07-20	1.02251	1.19986	0.62221
2022-07-21	1.01759	1.19703	0.62292
2022-07-22	1.02263	1.19783	0.62497
2022-07-25	1.02125	1.1992099999999999	0.62445
2022-07-26	1.02165	1.20356	0.626
2022-07-27	1.01137	1.20191	0.62283
2022-07-28	1.01936	1.2149	0.62626
2022-07-29	1.01959	1.21714	0.62887
2022-08-01	1.0212	1.21639	0.6263
2022-08-02	1.02585	1.22471	0.63277
2022-08-03	1.01635	1.21608	0.62485
2022-08-04	1.01623	1.21357	0.62485
2022-08-05	1.02442	1.21556	0.62965
2022-08-08	1.01733	1.2067700000000001	0.62425
2022-08-09	1.01913	1.20767	0.62827
2022-08-10	1.02121	1.20724	0.62815
2022-08-11	1.02973	1.22168	0.63992
2022-08-12	1.03173	1.21961	0.64295
2022-08-15	1.02555	1.2123599999999999	0.64401
2022-08-16	1.01576	1.20507	0.63627
2022-08-17	1.01663	1.20889	0.6342
2022-08-18	1.01753	1.20468	0.628
2022-08-19	1.00845	1.1927699999999999	0.62566
2022-08-22	1.0037	1.1828	0.61744
2022-08-23	0.99412	1.17609	0.61664
2022-08-24	0.99683	1.18264	0.62102
2022-08-25	0.99639	1.1792799999999999	0.61849
2022-08-26	0.99724	1.1833	0.6224
2022-08-29	0.99651	1.17298	0.61243
2022-08-30	0.99964	1.17036	0.61525
2022-08-31	1.00125	1.16472	0.61254
2022-09-01	1.00522	1.16183	0.61186
2022-09-02	0.99422	1.1542	0.60772
2022-09-05	0.99263	1.1482	0.6082
2022-09-06	0.99239	1.1514	0.60935
2022-09-07	0.99057	1.1519300000000001	0.60348
2022-09-08	1.00077	1.1522000000000001	0.60731
2022-09-09	0.9995	1.15007	0.60521
2022-09-12	1.00958	1.16238	0.60849
2022-09-13	1.0121	1.16787	0.61362
2022-09-14	0.99676	1.1491500000000001	0.59952
2022-09-15	0.99734	1.1538599999999999	0.60028
2022-09-16	0.99961	1.14648	0.59644
2022-09-19	1.00085	1.14111	0.59868
2022-09-20	1.00214	1.14278	0.59567
2022-09-21	0.99709	1.13692	0.58968
2022-09-22	0.98365	1.12614	0.58521
2022-09-23	0.98322	1.1254	0.58416
2022-09-26	0.96714	1.08012	0.57438
2022-09-27	0.96079	1.0679400000000001	0.56336
2022-09-28	0.95876	1.07259	0.56328
2022-09-29	0.97326	1.0876	0.57282
2022-09-30	0.98209	1.11212	0.57205
2022-10-03	0.97934	1.11598	0.55963
2022-10-04	0.98258	1.13183	0.57202
2022-10-05	0.99855	1.1461000000000001	0.57286
2022-10-06	0.98769	1.13212	0.57347
2022-10-07	0.97909	1.11543	0.56569
2022-10-10	0.97338	1.10798	0.56042
2022-10-11	0.97009	1.10561	0.55633
2022-10-12	0.97039	1.09673	0.55804
2022-10-13	0.96998	1.1094	0.56076
2022-10-14	0.97717	1.13195	0.56393
2022-10-17	0.97236	1.12197	0.55647
2022-10-18	0.98378	1.13499	0.5622
2022-10-19	0.98546	1.13086	0.56831
2022-10-20	0.9771	1.12111	0.56692
2022-10-21	0.97836	1.1219999999999999	0.56765
2022-10-24	0.98696	1.13842	0.5774
2022-10-25	0.98741	1.12742	0.56914
2022-10-26	0.99645	1.14634	0.57447
2022-10-27	1.00765	1.16094	0.58113
2022-10-28	0.9964	1.15581	0.58248
2022-10-31	0.99527	1.15845	0.5796
2022-11-01	0.98757	1.14603	0.58091
2022-11-02	0.98742	1.14813	0.5838
2022-11-03	0.9816	1.1389	0.58179
2022-11-04	0.97478	1.11517	0.57699
2022-11-07	0.99097	1.13082	0.58665
2022-11-08	1.00169	1.15124	0.59368
2022-11-09	1.00734	1.1535	0.59545
2022-11-10	1.0009	1.13543	0.58813
2022-11-11	1.02019	1.16971	0.60227
2022-11-14	1.0334	1.18056	0.60938
2022-11-15	1.03251	1.17526	0.60934
2022-11-16	1.03488	1.18607	0.61537
2022-11-17	1.03905	1.19138	0.61461
2022-11-18	1.0360800000000001	1.18616	0.61128
2022-11-21	1.0323	1.18948	0.61525
2022-11-22	1.02404	1.18211	0.60978
2022-11-23	1.03029	1.18851	0.61511
2022-11-24	1.03959	1.20507	0.62411
2022-11-25	1.0408	1.21069	0.62616
2022-11-28	1.03732	1.20682	0.62193
2022-11-29	1.03379	1.19515	0.61628
2022-11-30	1.03265	1.19535	0.61996
2022-12-01	1.04069	1.20467	0.62931
2022-12-02	1.05219	1.22527	0.63548
2022-12-05	1.0532	1.22713	0.6384
2022-12-06	1.04866	1.21734	0.63146
2022-12-07	1.04641	1.21325	0.63127
2022-12-08	1.05049	1.21995	0.6352
2022-12-09	1.05534	1.22221	0.63634
2022-12-12	1.05279	1.22528	0.64077
2022-12-13	1.05319	1.22606	0.63765
2022-12-14	1.06318	1.2358	0.64612
2022-12-15	1.06813	1.2415	0.64539
2022-12-16	1.06274	1.21773	0.63413
2022-12-19	1.0586	1.21425	0.63735
2022-12-20	1.0605	1.21467	0.63549
2022-12-21	1.06249	1.21721	0.63458
2022-12-22	1.06046	1.20752	0.62933
2022-12-23	1.0594	1.2026	0.62332
2022-12-26	1.06104	1.20541	0.62586
2022-12-27	1.06347	1.20493	0.62941
2022-12-28	1.06386	1.20136	0.62743
2022-12-29	1.06084	1.20096	0.62935
2022-12-30	1.0661100000000001	1.20506	0.63401
2023-01-02	1.0695000000000001	1.20728	0.63354
2023-01-03	1.06649	1.20453	0.63138
2023-01-04	1.0547	1.19661	0.62471
2023-01-05	1.06029	1.20529	0.62915
2023-01-06	1.0522	1.18934	0.62258
2023-01-09	1.06403	1.20772	0.63374
2023-01-10	1.07284	1.21726	0.6371
2023-01-11	1.0733	1.2149	0.63669
2023-01-12	1.07549	1.21353	0.63641
2023-01-13	1.08434	1.22125	0.63917
2023-01-16	1.08317	1.22084	0.63768
2023-01-17	1.08215	1.21948	0.63776
2023-01-18	1.07881	1.22759	0.64254
2023-01-19	1.0791	1.23446	0.64196
2023-01-20	1.08274	1.23893	0.63928
2023-01-23	1.08642	1.24002	0.64678
2023-01-24	1.08719	1.23738	0.6483
2023-01-25	1.08857	1.2325	0.64879
2023-01-26	1.09165	1.23947	0.64783
2023-01-27	1.08906	1.23982	0.64826
2023-01-30	1.08587	1.23879	0.64815
2023-01-31	1.08489	1.23441	0.64645
2023-02-01	1.08621	1.23173	0.64405
2023-02-02	1.0987	1.23731	0.6499
2023-02-03	1.09091	1.22248	0.64666
2023-02-06	1.07843	1.20307	0.63089
2023-02-07	1.07264	1.2019	0.63051
2023-02-08	1.07229	1.20371	0.63174
2023-02-09	1.07123	1.20604	0.63064
2023-02-10	1.07348	1.21169	0.63261
2023-02-13	1.06813	1.2058	0.63092
2023-02-14	1.07195	1.21294	0.63543
2023-02-15	1.07369	1.21693	0.63359
2023-02-16	1.0687	1.20252	0.62797
2023-02-17	1.067	1.19867	0.62532
2023-02-20	1.06863	1.2023	0.62324
2023-02-21	1.06832	1.20373	0.6251
2023-02-22	1.06458	1.21045	0.62125
2023-02-23	1.06047	1.20454	0.62135
2023-02-24	1.05913	1.20154	0.62228
2023-02-27	1.05449	1.19454	0.61636
2023-02-28	1.06039	1.20533	0.6167
2023-03-01	1.05742	1.20158	0.61808
2023-03-02	1.06669	1.20124	0.62368
2023-03-03	1.0597	1.19434	0.62037
2023-03-06	1.06259	1.20239	0.62137
2023-03-07	1.0673	1.20229	0.61888
2023-03-08	1.05469	1.1826	0.61051
2023-03-09	1.05433	1.18322	0.61036
2023-03-10	1.05765	1.19205	0.60925
2023-03-13	1.0677	1.2065	0.61405
2023-03-14	1.0727	1.21732	0.6215
2023-03-15	1.07326	1.21547	0.62292
2023-03-16	1.0575	1.20546	0.61787
2023-03-17	1.06055	1.2102	0.61942
2023-03-20	1.06835	1.22022	0.62799
2023-03-21	1.07172	1.2273	0.6247
2023-03-22	1.07651	1.22103	0.6192
2023-03-23	1.08582	1.22757	0.62195
2023-03-24	1.08297	1.2283	0.62458
2023-03-27	1.07709	1.22239	0.61944
2023-03-28	1.0795	1.22795	0.61958
2023-03-29	1.08415	1.2340200000000001	0.62508
2023-03-30	1.0843	1.23084	0.62181
2023-03-31	1.09045	1.23824	0.62603
2023-04-03	1.08414	1.23203	0.62545
2023-04-04	1.09015	1.24042	0.62955
2023-04-05	1.0948	1.2500499999999999	0.63045
2023-04-06	1.09005	1.24599	0.62915
2023-04-07	1.09186	1.24398	0.62327
2023-04-10	1.08974	1.24171	0.6244
2023-04-11	1.08606	1.23791	0.62126
2023-04-12	1.09082	1.2424	0.61857
2023-04-13	1.09891	1.24824	0.6207
2023-04-14	1.10453	1.2522	0.62846
2023-04-17	1.09901	1.24061	0.62012
2023-04-18	1.09209	1.23687	0.61772
2023-04-19	1.09701	1.24245	0.62052
2023-04-20	1.0953	1.2438	0.61992
2023-04-21	1.09638	1.24389	0.6172
2023-04-24	1.09899	1.24397	0.61382
2023-04-25	1.1045	1.24789	0.61618
2023-04-26	1.09702	1.24053	0.61349
2023-04-27	1.10355	1.24608	0.61152
2023-04-28	1.10202	1.24828	0.61419
2023-05-01	1.10229	1.25565	0.61723
2023-05-02	1.09686	1.24941	0.61679
2023-05-03	1.09991	1.24645	0.62053
2023-05-04	1.10545	1.2548599999999999	0.62247
2023-05-05	1.10104	1.25705	0.62777
2023-05-08	1.10181	1.26282	0.62887
2023-05-09	1.10012	1.26158	0.63421
2023-05-10	1.09578	1.2617099999999999	0.63283
2023-05-11	1.09793	1.26208	0.63587
2023-05-12	1.09151	1.25088	0.62982
2023-05-15	1.08528	1.24493	0.61888
2023-05-16	1.0873599999999999	1.25168	0.62324
2023-05-17	1.08598	1.24816	0.62314
2023-05-18	1.08375	1.24832	0.62403
2023-05-19	1.07676	1.24082	0.6216
2023-05-22	1.08051	1.2436	0.62625
2023-05-23	1.08073	1.24353	0.62805
2023-05-24	1.0767	1.24108	0.62361
2023-05-25	1.0749900000000001	1.23632	0.60993
2023-05-26	1.07239	1.23212	0.60545
2023-05-29	1.07208	1.2334	0.605
2023-05-30	1.07068	1.2347	0.60515
2023-05-31	1.07245	1.24026	0.60343
2023-06-01	1.0685	1.24326	0.59965
2023-06-02	1.07614	1.25218	0.60661
2023-06-05	1.07061	1.24455	0.60572
2023-06-06	1.07101	1.24242	0.60561
2023-06-07	1.06929	1.24213	0.60736
2023-06-08	1.06922	1.24307	0.60325
2023-06-09	1.07795	1.25528	0.60925
2023-06-12	1.07467	1.2554	0.611
2023-06-13	1.07544	1.2505899999999999	0.6115
2023-06-14	1.07922	1.26062	0.61448
2023-06-15	1.0824799999999999	1.2655699999999999	0.62037
2023-06-16	1.09423	1.27792	0.62332
2023-06-19	1.09325	1.28177	0.62242
2023-06-20	1.0919	1.27774	0.62
2023-06-21	1.0916	1.27555	0.61553
2023-06-22	1.09852	1.27675	0.62024
2023-06-23	1.09541	1.27387	0.617
2023-06-26	1.08999	1.27051	0.61381
2023-06-27	1.09052	1.27097	0.61538
2023-06-28	1.09571	1.27481	0.61606
2023-06-29	1.09115	1.26348	0.60739
2023-06-30	1.08625	1.26115	0.60621
2023-07-03	1.09094	1.26906	0.61272
2023-07-04	1.09093	1.2681	0.61471
2023-07-05	1.08789	1.27092	0.61832
2023-07-06	1.08529	1.26902	0.61753
2023-07-07	1.08865	1.27319	0.61498
2023-07-10	1.09601	1.28289	0.62043
2023-07-11	1.10004	1.28553	0.62077
2023-07-12	1.10007	1.29295	0.61915
2023-07-13	1.11296	1.2977699999999999	0.62876
2023-07-14	1.12076	1.31224	0.63919
2023-07-17	1.12248	1.3090899999999999	0.63528
2023-07-18	1.1232	1.30718	0.63119
2023-07-19	1.1227800000000001	1.30349	0.62732
2023-07-20	1.11966	1.29344	0.62473
2023-07-21	1.11302	1.28624	0.62168
2023-07-24	1.11222	1.2849300000000001	0.61659
2023-07-25	1.10631	1.2815699999999999	0.6202
2023-07-26	1.10506	1.28777	0.6195
2023-07-27	1.10766	1.29363	0.62091
2023-07-28	1.09756	1.27859	0.6178
2023-07-31	1.10122	1.28388	0.61428
2023-08-01	1.09932	1.28335	0.62052
2023-08-02	1.09803	1.27682	0.61489
2023-08-03	1.09367	1.27039	0.60766
2023-08-04	1.094	1.27039	0.60762
2023-08-07	1.10105	1.27413	0.60878
2023-08-08	1.10013	1.27814	0.61054
2023-08-09	1.09518	1.27264	0.60395
2023-08-10	1.0973	1.27159	0.60521
2023-08-11	1.09783	1.26724	0.60205
2023-08-14	1.09477	1.26929	0.59837
2023-08-15	1.09029	1.26837	0.59581
2023-08-16	1.09018	1.26941	0.59489
2023-08-17	1.08818	1.27164	0.59278
2023-08-18	1.08639	1.27421	0.59146
2023-08-21	1.0863	1.27259	0.59275
2023-08-22	1.08895	1.2752	0.5912
2023-08-23	1.0843	1.27339	0.59374
2023-08-24	1.08636	1.27119	0.59741
2023-08-25	1.08076	1.2598	0.59201
2023-08-28	1.07957	1.25753	0.5899
2023-08-29	1.08133	1.25919	0.5897
2023-08-30	1.08713	1.26387	0.59658
2023-08-31	1.09195	1.27087	0.59523
2023-09-01	1.08368	1.26607	0.5962
2023-09-04	1.07741	1.25877	0.59363
2023-09-05	1.07919	1.26123	0.5928
2023-09-06	1.07218	1.25534	0.58753
2023-09-07	1.07226	1.24937	0.58635
2023-09-08	1.06966	1.24621	0.58697
2023-09-11	1.07136	1.24619	0.58876
2023-09-12	1.07418	1.25089	0.59066
2023-09-13	1.07496	1.24841	0.58953
2023-09-14	1.07279	1.24817	0.59149
2023-09-15	1.06337	1.24044	0.59075
2023-09-18	1.06599	1.23799	0.58958
2023-09-19	1.06797	1.23785	0.58948
2023-09-20	1.06772	1.23846	0.59276
2023-09-21	1.06575	1.23405	0.59225
2023-09-22	1.06545	1.22912	0.59241
2023-09-25	1.06459	1.22389	0.59574
2023-09-26	1.05931	1.2207	0.59625
2023-09-27	1.05667	1.2153	0.59422
2023-09-28	1.05029	1.21277	0.59229
2023-09-29	1.05569	1.21922	0.59618
2023-10-02	1.0567	1.21839	0.59874
2023-10-03	1.04774	1.2086999999999999	0.59454
2023-10-04	1.04612	1.20659	0.58982
2023-10-05	1.05021	1.21381	0.591
2023-10-06	1.05454	1.21841	0.5965
2023-10-09	1.05518	1.22001	0.59633
2023-10-10	1.0555	1.22295	0.59995
2023-10-11	1.0594999999999999	1.2273399999999999	0.60349
2023-10-12	1.06068	1.22881	0.6015
2023-10-13	1.05283	1.21728	0.59265
2023-10-16	1.05081	1.21311	0.59151
2023-10-17	1.0559	1.22001	0.5925
2023-10-18	1.05762	1.21773	0.58895
2023-10-19	1.05331	1.21398	0.58542
2023-10-20	1.05794	1.21397	0.58474
2023-10-23	1.05938	1.21552	0.58164
2023-10-24	1.06653	1.22335	0.58398
2023-10-25	1.05858	1.21579	0.58325
2023-10-26	1.05661	1.21081	0.58021
2023-10-27	1.05597	1.21182	0.58198
2023-10-30	1.05648	1.21152	0.58081
2023-10-31	1.0615	1.21601	0.58429
2023-11-01	1.05717	1.21469	0.58173
2023-11-02	1.05645	1.21394	0.58391
2023-11-03	1.06153	1.21998	0.58973
2023-11-06	1.0723	1.2368999999999999	0.599
2023-11-07	1.07145	1.23382	0.59595
2023-11-08	1.06994	1.22899	0.59285
2023-11-09	1.07046	1.22827	0.59088
2023-11-10	1.0666	1.22149	0.58937
2023-11-13	1.06843	1.22013	0.58843
2023-11-14	1.06924	1.22617	0.58731
2023-11-15	1.08774	1.2493400000000001	0.60053
2023-11-16	1.08457	1.2414	0.60122
2023-11-17	1.0845	1.2398	0.59681
2023-11-20	1.09101	1.24482	0.59838
2023-11-21	1.09366	1.24992	0.6022
2023-11-22	1.09076	1.25228	0.60501
2023-11-23	1.08863	1.24872	0.6018
2023-11-24	1.08971	1.25196	0.60353
2023-11-27	1.09435	1.25993	0.60792
2023-11-28	1.09537	1.2622200000000001	0.60941
2023-11-29	1.09925	1.26906	0.6136
2023-11-30	1.09711	1.26889	0.61543
2023-12-01	1.08824	1.26142	0.6151
2023-12-04	1.0878	1.2702200000000001	0.61931
2023-12-05	1.08266	1.26239	0.61633
2023-12-06	1.07903	1.25943	0.61281
2023-12-07	1.07613	1.2552699999999999	0.61347
2023-12-08	1.07914	1.25767	0.61628
2023-12-11	1.07578	1.2524	0.61161
2023-12-12	1.0760399999999999	1.25457	0.61205
2023-12-13	1.0792	1.25621	0.61264
2023-12-14	1.08723	1.2612700000000001	0.6171
2023-12-15	1.09923	1.27592	0.61875
2023-12-18	1.08945	1.26739	0.61948
2023-12-19	1.09221	1.26333	0.62124
2023-12-20	1.09801	1.27214	0.6269
2023-12-21	1.09389	1.26263	0.62476
2023-12-22	1.10091	1.26741	0.62885
2023-12-26	1.10011	1.26826	0.62999
2023-12-27	1.10408	1.2711999999999999	0.63245
2023-12-28	1.11016	1.27892	0.63332
2023-12-29	1.1060699999999999	1.27215	0.63312
