time	EURUSD	GBPUSD	NZDUSD
2015-01-02	94829	129124	83756
2015-01-05	157755	182320	125357
2015-01-06	150642	184090	137649
2015-01-07	163155	192175	132175
2015-01-08	137265	156443	118255
2015-01-09	150446	176430	124105
2015-01-12	134876	157983	117763
2015-01-13	157160	191969	138339
2015-01-14	169789	201749	151788
2015-01-15	214246	223479	172682
2015-01-16	204254	217304	125200
2015-01-19	100380	108690	76211
2015-01-20	89976	102426	84142
2015-01-21	105894	121012	104859
2015-01-22	125294	136331	104484
2015-01-23	137712	139665	102384
2015-01-26	112856	115012	80177
2015-01-27	127278	142838	91680
2015-01-28	134188	154789	109271
2015-01-29	105722	115543	92365
2015-01-30	102181	112833	75852
2015-02-02	114150	134117	92972
2015-02-03	138325	150653	134632
2015-02-04	127965	138033	118738
2015-02-05	135710	148491	109730
2015-02-06	122037	130407	100535
2015-02-09	115561	134092	98390
2015-02-10	124772	137198	103095
2015-02-11	116739	130304	97318
2015-02-12	132497	149120	121094
2015-02-13	113445	136131	92661
2015-02-16	89828	127244	102444
2015-02-17	125548	135940	114612
2015-02-18	114638	146607	108721
2015-02-19	104413	132168	103931
2015-02-20	129049	147626	105774
2015-02-23	97273	119661	99969
2015-02-24	111944	130795	116141
2015-02-25	107447	128464	111500
2015-02-26	116659	141808	112924
2015-02-27	122896	140864	105229
2015-03-02	97628	119972	86719
2015-03-03	104171	118093	91691
2015-03-04	109789	128973	93618
2015-03-05	123965	134887	98902
2015-03-06	124396	138098	99334
2015-03-09	108685	129683	86349
2015-03-10	152978	170314	129879
2015-03-11	167183	192368	131787
2015-03-12	169738	174202	133720
2015-03-13	152603	164842	103859
2015-03-16	141253	153414	100815
2015-03-17	126771	154686	102039
2015-03-18	156159	181840	119088
2015-03-19	194151	204875	143951
2015-03-20	152470	178933	116812
2015-03-23	169160	186010	134455
2015-03-24	152187	180166	125282
2015-03-25	132659	154974	109130
2015-03-26	160736	175008	139096
2015-03-27	151107	165576	121249
2015-03-30	133932	144581	106483
2015-03-31	132457	155991	102294
2015-04-01	135673	160602	112163
2015-04-02	124978	144769	112072
2015-04-03	76996	98815	63211
2015-04-06	79737	81713	54401
2015-04-07	129083	147559	110560
2015-04-08	138672	148288	116403
2015-04-09	128113	138279	105303
2015-04-10	126858	140831	96442
2015-04-13	129862	138422	104833
2015-04-14	137335	154518	117029
2015-04-15	151568	156102	123047
2015-04-16	191702	182661	149810
2015-04-17	162976	158774	133063
2015-04-20	130689	144421	114712
2015-04-21	146224	165427	136531
2015-04-22	152265	180461	147491
2015-04-23	164910	176784	163324
2015-04-24	164041	170483	143998
2015-04-27	142430	161001	137934
2015-04-28	163286	182213	160783
2015-04-29	190432	213078	186253
2015-04-30	222223	236401	199284
2015-05-01	156867	170352	140119
2015-05-04	116478	137846	90997
2015-05-05	85076	97634	76077
2015-05-06	116447	126776	100263
2015-05-07	108194	107593	79981
2015-05-08	110291	135935	80481
2015-05-11	109990	137753	100642
2015-05-12	168184	175810	136656
2015-05-13	150895	155635	145585
2015-05-14	173585	163676	164061
2015-05-15	143754	154467	125222
2015-05-18	111611	143238	106197
2015-05-19	179023	188116	152643
2015-05-20	193881	210899	168962
2015-05-21	175343	192023	151860
2015-05-22	169072	187123	150103
2015-05-25	95054	119365	99095
2015-05-26	181897	196824	147345
2015-05-27	172422	189740	151561
2015-05-28	188559	194321	183811
2015-05-29	167109	178045	156888
2015-06-01	185324	196593	142655
2015-06-02	264689	249203	218138
2015-06-03	174235	166129	156574
2015-06-04	138418	120896	88012
2015-06-05	260957	252635	185716
2015-06-08	217138	207520	152430
2015-06-09	241538	240094	176103
2015-06-10	264766	268778	214759
2015-06-11	215648	209573	180411
2015-06-12	215699	197771	93878
2015-06-15	173375	172837	108228
2015-06-16	185847	197209	120465
2015-06-17	214586	242753	159579
2015-06-18	233882	236576	176457
2015-06-19	180864	177034	130400
2015-06-22	190603	186758	134224
2015-06-23	222161	212918	147127
2015-06-24	208183	204327	148679
2015-06-25	177608	189221	140089
2015-06-26	171647	176899	128955
2015-06-29	283870	262866	171266
2015-06-30	229834	235204	163601
2015-07-01	191312	211320	142686
2015-07-02	184344	187664	142788
2015-07-03	145218	164245	116008
2015-07-06	224368	200422	125589
2015-07-07	242990	236652	162026
2015-07-08	234160	227728	181658
2015-07-09	210311	204488	137489
2015-07-10	229686	213092	125104
2015-07-13	214734	208110	153668
2015-07-14	204802	208543	127623
2015-07-15	202973	214159	162176
2015-07-16	203855	211846	158323
2015-07-17	169289	169639	128347
2015-07-20	163855	161502	151557
2015-07-21	205629	226782	218756
2015-07-22	258073	309786	254893
2015-07-23	225212	241071	208017
2015-07-24	173531	183535	153714
2015-07-27	202791	209869	163876
2015-07-28	184333	206011	179075
2015-07-29	195336	216560	187803
2015-07-30	197771	214008	182165
2015-07-31	217514	236752	192432
2015-08-03	185473	215133	183063
2015-08-04	203038	237396	205809
2015-08-05	207440	242713	193107
2015-08-06	184229	207974	175525
2015-08-07	180288	205014	162027
2015-08-10	153507	166833	114558
2015-08-11	201485	200181	150693
2015-08-12	212350	218710	168113
2015-08-13	169804	167739	132676
2015-08-14	164820	161120	146681
2015-08-17	169932	181718	161526
2015-08-18	166050	181967	183285
2015-08-19	207989	220178	202662
2015-08-20	218150	215728	195419
2015-08-21	261639	241486	194667
2015-08-24	364750	307087	229990
2015-08-25	339937	282033	192585
2015-08-26	327812	265735	177957
2015-08-27	261993	231621	170168
2015-08-28	226529	214995	142755
2015-08-31	187191	165751	148191
2015-09-01	251583	204909	171412
2015-09-02	234849	207420	160280
2015-09-03	212667	178113	171550
2015-09-04	216745	173823	152771
2015-09-07	166789	162990	131623
2015-09-08	211795	174189	140305
2015-09-09	220424	177730	156627
2015-09-10	245019	207831	179638
2015-09-11	212497	171406	123195
2015-09-14	185709	147540	122681
2015-09-15	200984	151256	128279
2015-09-16	192787	162479	134985
2015-09-17	213578	191399	156936
2015-09-18	237095	196682	163272
2015-09-21	204016	169923	143049
2015-09-22	201137	175521	129607
2015-09-23	209688	179369	136073
2015-09-24	234457	196780	151541
2015-09-25	227756	187540	132048
2015-09-28	252102	191776	175573
2015-09-29	269030	214920	178043
2015-09-30	245071	209658	170769
2015-10-01	233882	192962	174046
2015-10-02	267760	220494	173287
2015-10-05	264793	229766	203423
2015-10-06	237154	187963	192282
2015-10-07	250824	211319	186003
2015-10-08	241798	213929	193717
2015-10-09	251517	212316	194584
2015-10-12	160676	169996	151083
2015-10-13	212648	215549	178636
2015-10-14	236112	223751	203371
2015-10-15	243774	218921	198862
2015-10-16	206076	196688	184052
2015-10-19	211606	176351	151611
2015-10-20	189641	180557	150048
2015-10-21	191463	179944	167122
2015-10-22	260633	231104	179299
2015-10-23	272707	230514	183022
2015-10-26	196625	189643	163543
2015-10-27	202493	188386	169052
2015-10-28	232502	209227	199764
2015-10-29	233118	207335	189848
2015-10-30	258300	217906	201750
2015-11-02	193853	179809	183869
2015-11-03	205712	192432	207473
2015-11-04	235054	206560	212559
2015-11-05	232237	218732	207635
2015-11-06	228724	212678	209445
2015-11-09	242073	191250	156110
2015-11-10	236090	188147	145822
2015-11-11	216771	191056	148600
2015-11-12	295413	229538	193009
2015-11-13	268815	194719	139991
2015-11-16	252238	183052	137259
2015-11-17	249543	193426	156711
2015-11-18	229397	193429	160678
2015-11-19	266652	221221	189101
2015-11-20	238530	194163	177004
2015-11-23	250553	208873	166258
2015-11-24	256158	214014	164981
2015-11-25	273572	220130	180325
2015-11-26	166283	182228	131268
2015-11-27	203541	184567	142354
2015-11-30	207493	176519	137913
2015-12-01	238670	209127	200238
2015-12-02	246745	217448	208956
2015-12-03	331550	274687	239774
2015-12-04	336901	268985	227422
2015-12-07	228941	184374	179179
2015-12-08	245687	216016	177973
2015-12-09	289975	235589	192126
2015-12-10	257537	220671	204168
2015-12-11	281890	211986	167969
2015-12-14	296603	229406	167721
2015-12-15	268134	224309	190781
2015-12-16	293218	257449	204108
2015-12-17	252242	227366	190862
2015-12-18	258233	212006	166436
2015-12-21	207246	190277	96859
2015-12-22	194783	186258	131530
2015-12-23	166243	178821	114667
2015-12-24	95629	117450	59548
2015-12-28	130714	128951	70870
2015-12-29	154437	151085	91622
2015-12-30	158673	165370	118004
2015-12-31	122599	141112	96176
2016-01-04	275367	220466	153727
2016-01-05	230276	203408	145115
2016-01-06	254724	246475	190374
2016-01-07	304052	259498	208866
2016-01-08	290234	247006	193580
2016-01-11	259712	203192	176147
2016-01-12	267962	229375	180594
2016-01-13	274982	237520	171413
2016-01-14	301725	238269	203298
2016-01-15	313700	231820	209505
2016-01-18	210212	197973	175846
2016-01-19	325558	288672	253196
2016-01-20	403018	306607	266079
2016-01-21	444356	328339	271851
2016-01-22	340888	283371	202907
2016-01-25	261890	247587	191296
2016-01-26	290696	271810	200390
2016-01-27	348610	301044	271768
2016-01-28	341817	320058	243155
2016-01-29	431666	367343	257939
2016-02-01	293768	285898	198966
2016-02-02	302547	277659	210941
2016-02-03	417855	327452	253533
2016-02-04	467325	351664	239358
2016-02-05	349923	263764	203089
2016-02-08	395930	354727	213308
2016-02-09	502624	419561	288383
2016-02-10	500236	377482	287261
2016-02-11	562809	436490	342114
2016-02-12	451371	371555	267212
2016-02-15	320260	291741	279821
2016-02-16	359630	312468	284846
2016-02-17	372462	341577	277409
2016-02-18	357176	343445	262920
2016-02-19	343673	334979	230996
2016-02-22	310704	371886	256161
2016-02-23	339996	346981	229996
2016-02-24	379967	383272	234696
2016-02-25	341728	326510	257383
2016-02-26	337299	341119	237263
2016-02-29	334401	330193	263651
2016-03-01	339521	347725	280380
2016-03-02	323139	334101	296920
2016-03-03	313294	331326	265877
2016-03-04	344360	327934	258923
2016-03-07	262550	260911	227583
2016-03-08	300832	266617	225848
2016-03-09	280452	274022	265237
2016-03-10	402971	345929	324643
2016-03-11	324890	269956	253820
2016-03-14	253302	232942	235512
2016-03-15	262273	262817	241052
2016-03-16	302924	313584	247796
2016-03-17	346933	305230	316569
2016-03-18	275557	229858	226791
2016-03-21	230869	225463	228209
2016-03-22	256798	265538	240891
2016-03-23	208407	235961	193712
2016-03-24	216395	234718	176181
2016-03-25	78838	62660	70772
2016-03-28	114822	120657	91951
2016-03-29	283670	288647	232359
2016-03-30	308665	315353	293018
2016-03-31	289992	287985	253353
2016-04-01	321446	306589	241602
2016-04-04	255708	264512	208689
2016-04-05	288279	274706	251280
2016-04-06	296341	312152	260734
2016-04-07	328478	330679	262165
2016-04-08	274279	269245	193543
2016-04-11	246975	268605	236496
2016-04-12	279287	310943	227243
2016-04-13	301358	318468	250091
2016-04-14	272203	270692	249280
2016-04-15	230209	226116	209491
2016-04-18	230869	231612	220877
2016-04-19	238442	267642	205411
2016-04-20	254403	300150	211650
2016-04-21	297746	307820	233292
2016-04-22	284031	289796	203303
2016-04-25	248317	309627	174563
2016-04-26	256295	316774	204913
2016-04-27	271508	331939	247202
2016-04-28	324353	332609	249580
2016-04-29	325841	342811	216958
2016-05-02	256054	262430	184661
2016-05-03	314318	343570	263541
2016-05-04	313119	311683	278327
2016-05-05	253767	263569	227662
2016-05-06	275256	286565	232400
2016-05-09	231176	257360	194052
2016-05-10	226189	255629	212103
2016-05-11	212211	225019	211614
2016-05-12	232135	251434	212025
2016-05-13	266791	265232	211551
2016-05-16	202037	206527	165711
2016-05-17	236556	265643	205120
2016-05-18	286430	312680	225586
2016-05-19	279090	309492	236602
2016-05-20	206973	248783	174701
2016-05-23	212440	248236	180875
2016-05-24	250950	277409	193444
2016-05-25	237694	277124	198847
2016-05-26	243362	270429	196903
2016-05-27	228750	255592	169037
2016-05-30	143857	173820	122884
2016-05-31	264297	301757	202696
2016-06-01	282580	314028	236921
2016-06-02	263718	276543	216343
2016-06-03	302125	295848	223607
2016-06-06	289320	325679	211838
2016-06-07	240874	278445	197064
2016-06-08	233238	266648	199733
2016-06-09	251819	263612	233615
2016-06-10	266614	275330	200133
2016-06-13	297515	367802	208959
2016-06-14	285397	346369	215410
2016-06-15	280119	320517	217097
2016-06-16	368235	349870	272886
2016-06-17	279075	331572	223265
2016-06-20	284378	343583	191306
2016-06-21	247676	318536	186117
2016-06-22	236905	296608	175563
2016-06-23	273056	383171	214174
2016-06-24	561403	566122	263968
2016-06-27	395158	405743	271026
2016-06-28	285098	300478	209910
2016-06-29	285991	313979	219933
2016-06-30	320816	346790	249255
2016-07-01	246873	262444	180841
2016-07-04	166680	208313	145548
2016-07-05	240793	315570	202764
2016-07-06	300644	368867	257402
2016-07-07	251017	319136	225479
2016-07-08	234205	296594	198904
2016-07-11	213399	268024	172845
2016-07-12	249605	343366	213920
2016-07-13	239459	346844	224409
2016-07-14	276084	367909	229236
2016-07-15	260134	355910	229811
2016-07-18	195261	293375	168526
2016-07-19	206116	279719	174878
2016-07-20	200998	262137	159402
2016-07-21	254556	314136	200262
2016-07-22	215287	299869	164527
2016-07-25	195387	217688	140990
2016-07-26	212312	232279	173236
2016-07-27	248845	260856	215592
2016-07-28	220982	230223	179465
2016-07-29	269750	261708	203642
2016-08-01	181849	210825	155345
2016-08-02	209736	228587	213974
2016-08-03	179727	218620	185886
2016-08-04	197929	252270	200771
2016-08-05	186299	214870	181945
2016-08-08	151769	168541	142805
2016-08-09	160790	205483	162985
2016-08-10	187071	230412	207183
2016-08-11	183956	221958	211801
2016-08-12	186266	215994	200824
2016-08-15	144361	179225	149422
2016-08-16	226776	264582	231963
2016-08-17	212022	238806	235682
2016-08-18	228524	246390	245590
2016-08-19	203114	220934	200480
2016-08-22	191762	221305	198435
2016-08-23	183417	210594	208986
2016-08-24	194730	224296	214414
2016-08-25	149293	184128	165966
2016-08-26	236651	254256	242995
2016-08-29	177545	188451	196555
2016-08-30	176675	227442	196668
2016-08-31	191341	239030	204353
2016-09-01	199533	250283	215449
2016-09-02	225605	255048	233031
2016-09-05	143217	179203	151725
2016-09-06	200969	234391	210828
2016-09-07	199008	250018	209546
2016-09-08	235664	238481	237411
2016-09-09	221760	233589	234102
2016-09-12	241780	228361	264856
2016-09-13	235595	272105	291707
2016-09-14	216395	255317	264419
2016-09-15	231515	283353	313612
2016-09-16	223200	231000	247762
2016-09-19	183437	226721	197686
2016-09-20	209734	249427	212364
2016-09-21	264168	286877	280217
2016-09-22	209388	253422	221081
2016-09-23	199607	251391	212568
2016-09-26	192069	199447	200114
2016-09-27	215461	227666	230425
2016-09-28	222790	247471	226542
2016-09-29	233314	261010	280788
2016-09-30	292969	291302	247893
2016-10-03	183192	230051	167516
2016-10-04	257450	286031	227090
2016-10-05	223979	253787	200096
2016-10-06	225575	268089	197240
2016-10-07	341065	488629	281235
2016-10-10	193203	273828	170491
2016-10-11	254701	360174	225829
2016-10-12	265872	401752	233050
2016-10-13	234388	307727	222301
2016-10-14	239437	291707	220898
2016-10-17	192185	235484	177107
2016-10-18	194851	242081	180131
2016-10-19	194471	222691	185746
2016-10-20	217091	222385	217364
2016-10-21	196147	188390	169769
2016-10-24	171338	180004	146203
2016-10-25	209795	249286	178969
2016-10-26	194441	225217	184756
2016-10-27	216116	288867	202930
2016-10-28	233103	324167	239382
2016-10-31	178130	277881	182760
2016-11-01	204263	269798	220969
2016-11-02	244703	280558	248857
2016-11-03	240631	311643	229719
2016-11-04	212734	274791	236280
2016-11-07	209322	273829	221882
2016-11-08	186776	253321	213513
2016-11-09	556612	510391	466970
2016-11-10	341162	391641	344156
2016-11-11	321943	370692	346185
2016-11-14	355148	376116	304059
2016-11-15	292872	352293	288294
2016-11-16	273610	336538	271340
2016-11-17	291113	318507	277571
2016-11-18	322423	361712	302268
2016-11-21	310030	366376	278190
2016-11-22	282294	339953	257451
2016-11-23	281156	322142	247262
2016-11-24	258097	283061	211962
2016-11-25	293869	286910	241111
2016-11-28	300314	294318	237799
2016-11-29	271823	266130	234173
2016-11-30	320040	306569	255116
2016-12-01	284080	292211	214025
2016-12-02	252734	226171	208766
2016-12-05	327515	275813	262744
2016-12-06	215242	206734	199396
2016-12-07	177427	183219	168581
2016-12-08	267884	251511	239444
2016-12-09	208736	192349	182285
2016-12-12	217065	208871	235639
2016-12-13	216041	231285	258699
2016-12-14	256310	277172	328621
2016-12-15	338736	349750	380479
2016-12-16	263824	290304	285078
2016-12-19	234657	267560	264922
2016-12-20	224689	245671	235733
2016-12-21	204067	233116	228683
2016-12-22	215025	220425	233319
2016-12-23	149923	176313	161715
2016-12-26	171786	26477	41914
2016-12-27	149881	192294	156460
2016-12-28	177842	168316	181282
2016-12-29	209237	220576	232801
2016-12-30	284294	296996	269523
2017-01-02	148694	95364	95952
2017-01-03	260148	260402	247395
2017-01-04	258836	269675	292542
2017-01-05	321346	343720	364476
2017-01-06	271015	289529	295607
2017-01-09	228878	256022	235239
2017-01-10	267565	276450	275917
2017-01-11	335560	343010	347211
2017-01-12	334952	322198	304580
2017-01-13	261949	273744	291933
2017-01-16	228452	295747	185306
2017-01-17	324653	369692	298517
2017-01-18	269600	303799	233184
2017-01-19	314852	326662	320277
2017-01-20	305161	318577	317113
2017-01-23	294691	274399	268339
2017-01-24	262577	303830	235049
2017-01-25	262684	314414	259432
2017-01-26	275200	318958	229759
2017-01-27	244402	286226	223295
2017-01-30	244935	266922	228534
2017-01-31	324720	326191	272997
2017-02-01	279466	308898	243315
2017-02-02	287261	310364	245895
2017-02-03	268899	285573	229079
2017-02-06	245112	245901	207665
2017-02-07	248200	284796	217297
2017-02-08	247752	275423	237618
2017-02-09	235284	263206	212189
2017-02-10	243131	255847	201451
2017-02-13	208859	239819	173755
2017-02-14	231693	272576	217539
2017-02-15	243148	278794	218584
2017-02-16	239030	250964	239539
2017-02-17	221779	231058	189103
2017-02-20	174006	205045	117469
2017-02-21	212940	251266	161584
2017-02-22	245983	274347	186042
2017-02-23	218772	265345	199980
2017-02-24	216845	252416	180095
2017-02-27	214389	269160	184592
2017-02-28	226923	248967	187272
2017-03-01	280632	285326	245241
2017-03-02	227129	270569	200491
2017-03-03	254478	335099	215509
2017-03-06	206103	299656	167137
2017-03-07	187427	244086	166770
2017-03-08	214178	270345	189697
2017-03-09	270857	316697	209689
2017-03-10	258125	321908	196470
2017-03-13	234942	317241	168998
2017-03-14	216151	260947	167461
2017-03-15	249932	322074	211022
2017-03-16	267380	318275	216191
2017-03-17	217959	294025	156124
2017-03-20	180524	283886	152508
2017-03-21	249007	278817	200779
2017-03-22	244620	270321	204954
2017-03-23	229509	273041	187113
2017-03-24	220840	228164	190301
2017-03-27	225358	248580	172777
2017-03-28	198143	240305	161722
2017-03-29	218174	285472	148808
2017-03-30	209978	237753	152025
2017-03-31	216759	277067	157514
2017-04-03	183374	235110	134150
2017-04-04	173841	230664	145955
2017-04-05	193521	269021	162496
2017-04-06	191266	234912	176109
2017-04-07	232837	269286	198136
2017-04-10	161737	241381	174560
2017-04-11	174736	287988	193948
2017-04-12	200259	358610	228850
2017-04-13	190440	337428	218154
2017-04-14	99468	155409	86327
2017-04-17	127954	210260	142892
2017-04-18	208877	446822	218711
2017-04-19	162498	391325	178069
2017-04-20	173648	334688	195375
2017-04-21	167640	295724	155821
2017-04-24	267165	347396	167714
2017-04-25	188860	301659	179473
2017-04-26	236097	286487	242543
2017-04-27	219730	282363	199886
2017-04-28	207753	296725	184920
2017-05-01	107629	144935	107149
2017-05-02	158660	240154	140639
2017-05-03	187342	270534	180277
2017-05-04	211234	260312	188587
2017-05-05	233578	347213	243867
2017-05-08	207256	279750	188624
2017-05-09	188066	310873	206624
2017-05-10	302161	410615	264193
2017-05-11	310024	452986	318642
2017-05-12	310421	441749	280441
2017-05-15	285463	435411	237723
2017-05-16	356213	466561	265830
2017-05-17	423958	513941	348729
2017-05-18	498390	607857	432767
2017-05-19	343235	423139	309884
2017-05-22	318411	412266	234045
2017-05-23	415303	475771	277294
2017-05-24	384081	448127	293809
2017-05-25	311812	416115	286429
2017-05-26	322350	481613	284204
2017-05-29	179237	333905	253528
2017-05-30	331924	405443	246017
2017-05-31	346219	478862	276758
2017-06-01	295332	414092	247467
2017-06-02	310706	402964	248138
2017-06-05	237999	339822	226044
2017-06-06	292625	395797	268690
2017-06-07	334350	435083	266209
2017-06-08	369797	482471	284786
2017-06-09	421722	862307	283639
2017-06-12	287591	464687	229406
2017-06-13	269272	443108	214041
2017-06-14	452864	591072	358854
2017-06-15	412667	529111	350836
2017-06-16	340422	461311	243141
2017-06-19	302209	387510	221028
2017-06-20	346793	441053	213583
2017-06-21	318002	419621	217051
2017-06-22	306382	407226	212565
2017-06-23	262856	383479	164719
2017-06-26	301200	360500	218694
2017-06-27	443544	475010	244738
2017-06-28	546418	557522	305620
2017-06-29	507250	498234	268361
2017-06-30	475350	468874	298268
2017-07-03	369421	392889	220813
2017-07-04	344634	426984	217940
2017-07-05	413258	401896	233534
2017-07-06	417341	420984	238560
2017-07-07	421144	361521	258618
2017-07-10	304099	279614	185316
2017-07-11	383027	366159	239286
2017-07-12	488095	474244	267881
2017-07-13	450029	422924	290167
2017-07-14	412870	409307	304357
2017-07-17	376752	435889	330076
2017-07-18	550723	536092	421277
2017-07-19	395211	410503	291562
2017-07-20	579814	552016	364613
2017-07-21	444123	430063	324605
2017-07-24	383305	380512	285920
2017-07-25	442640	406323	319722
2017-07-26	485501	470803	413623
2017-07-27	536781	543988	408822
2017-07-28	480059	498347	354942
2017-07-31	438949	441331	304200
2017-08-01	445100	399697	325811
2017-08-02	446387	404610	318194
2017-08-03	415369	453087	297154
2017-08-04	405795	381778	278104
2017-08-07	282882	292617	212032
2017-08-08	346119	313362	238128
2017-08-09	425307	380165	262710
2017-08-10	400054	388008	282984
2017-08-11	379947	385782	258090
2017-08-14	314877	344822	213250
2017-08-15	377959	417228	233778
2017-08-16	423241	439773	300023
2017-08-17	472025	504839	301258
2017-08-18	430378	415955	301551
2017-08-21	292210	340444	209938
2017-08-22	313434	368532	207008
2017-08-23	328297	401590	276145
2017-08-24	336324	386224	275576
2017-08-25	421471	499407	326506
2017-08-28	338683	392507	248643
2017-08-29	594534	555465	414741
2017-08-30	463707	492091	373226
2017-08-31	477705	523833	408607
2017-09-01	466548	492289	379208
2017-09-04	370041	414590	232662
2017-09-05	475035	543740	380124
2017-09-06	473076	510146	370145
2017-09-07	532793	549892	393134
2017-09-08	553893	550194	480477
2017-09-11	397108	429250	354064
2017-09-12	424259	491383	401209
2017-09-13	420901	503241	358536
2017-09-14	462661	578996	404797
2017-09-15	488947	620208	383950
2017-09-18	378538	506056	306208
2017-09-19	451177	540953	351577
2017-09-20	496081	650186	427156
2017-09-21	466506	565839	379801
2017-09-22	422788	575449	332441
2017-09-25	442709	563674	344834
2017-09-26	475492	577557	372626
2017-09-27	476762	608116	428196
2017-09-28	456937	554023	392014
2017-09-29	413265	525853	316810
2017-10-02	394819	491996	332299
2017-10-03	383438	497547	339925
2017-10-04	374788	473673	314821
2017-10-05	362534	460507	275235
2017-10-06	428645	527934	347382
2017-10-09	214537	352457	197196
2017-10-10	386672	450354	303132
2017-10-11	398364	429738	286932
2017-10-12	372290	564587	322743
2017-10-13	382017	457865	322402
2017-10-16	313328	335830	258575
2017-10-17	337221	407503	314072
2017-10-18	349237	389759	275702
2017-10-19	428234	455990	390803
2017-10-20	425270	498251	346322
2017-10-23	327224	379468	261380
2017-10-24	346889	399463	317100
2017-10-25	448415	502494	359699
2017-10-26	458511	459919	352491
2017-10-27	461334	469248	386652
2017-10-30	309242	362532	272418
2017-10-31	346040	376864	295961
2017-11-01	371385	417581	356632
2017-11-02	450004	501034	330438
2017-11-03	344383	383092	264844
2017-11-06	332735	352322	241011
2017-11-07	362650	381685	271339
2017-11-08	309221	354750	254214
2017-11-09	400231	434962	310456
2017-11-10	328120	400933	243994
2017-11-13	268265	378636	202686
2017-11-14	358518	384983	264406
2017-11-15	441887	509400	300001
2017-11-16	359626	446633	246569
2017-11-17	375879	474100	294078
2017-11-20	234350	298759	150349
2017-11-21	173939	251225	154935
2017-11-22	187922	251983	158956
2017-11-23	138657	187249	112494
2017-11-24	179627	236167	116295
2017-11-27	199538	247266	168010
2017-11-28	253670	351821	198999
2017-11-29	234797	347172	206113
2017-11-30	247139	360830	227616
2017-12-01	341937	397352	279143
2017-12-04	227604	324578	167821
2017-12-05	214272	285249	180300
2017-12-06	201039	271659	169790
2017-12-07	179184	260115	151071
2017-12-08	198668	293045	150594
2017-12-11	153650	219617	145445
2017-12-12	166966	244744	135582
2017-12-13	207641	274952	171193
2017-12-14	250732	324348	199328
2017-12-15	205468	293856	171122
2017-12-18	197257	249310	136756
2017-12-19	212569	274510	148134
2017-12-20	206916	244234	140634
2017-12-21	180839	242378	131473
2017-12-22	212272	252575	110595
2017-12-26	89059	160255	61524
2017-12-27	160931	251940	105434
2017-12-28	154517	243740	96646
2017-12-29	169326	264509	107010
2018-01-02	181485	298816	132985
2018-01-03	182104	281355	145660
2018-01-04	191127	275711	145219
2018-01-05	184634	280927	162470
2018-01-08	168520	238995	125742
2018-01-09	187901	250600	163387
2018-01-10	271074	363139	234141
2018-01-11	284192	338021	216770
2018-01-12	322930	393420	234872
2018-01-15	256463	318248	169597
2018-01-16	289810	328792	182821
2018-01-17	353872	417069	247362
2018-01-18	291437	384100	220750
2018-01-19	293758	398407	232006
2018-01-22	240177	328204	162784
2018-01-23	283018	388767	223606
2018-01-24	346490	490986	257327
2018-01-25	518130	667352	383249
2018-01-26	429291	581420	329445
2018-01-29	351014	461514	253548
2018-01-30	373092	510925	286880
2018-01-31	428123	593052	344637
2018-02-01	373540	492693	299048
2018-02-02	397828	515317	339754
2018-02-05	404016	550192	321582
2018-02-06	559092	689237	401018
2018-02-07	373123	487407	266748
2018-02-08	462485	628885	358567
2018-02-09	432959	598216	348829
2018-02-12	270168	396700	197480
2018-02-13	292376	404230	213703
2018-02-14	253191	326754	198685
2018-02-15	148655	204488	117296
2018-02-16	152683	185540	111734
2018-02-19	91101	123545	61298
2018-02-20	139868	167827	102209
2018-02-21	157238	199861	118948
2018-02-22	141352	176990	103004
2018-02-23	116719	160178	91237
2018-02-26	123158	152778	84554
2018-02-27	145957	186676	108760
2018-02-28	134202	178660	100844
2018-03-01	158217	208060	126577
2018-03-02	151525	199649	124022
2018-03-05	135337	180643	99391
2018-03-06	149756	200071	124656
2018-03-07	291550	336884	188733
2018-03-08	416776	442173	198283
2018-03-09	359526	409593	188367
2018-03-12	249326	263799	123950
2018-03-13	344109	344456	175144
2018-03-14	276815	326324	169526
2018-03-15	287241	347464	180989
2018-03-16	243972	297033	163846
2018-03-19	294406	394964	163778
2018-03-20	293125	335991	156618
2018-03-21	381406	429031	193278
2018-03-22	400806	470461	212050
2018-03-23	356096	433481	212339
2018-03-26	307518	322246	130481
2018-03-27	336928	409805	154589
2018-03-28	340413	434090	187883
2018-03-29	297058	371947	146706
2018-03-30	71885	261520	198426
2018-04-02	128929	226310	99712
2018-04-03	283715	368783	161579
2018-04-04	287583	373595	181076
2018-04-05	275465	343819	146555
2018-04-06	353913	432894	216723
2018-04-09	272293	321205	205992
2018-04-10	333896	366886	225590
2018-04-11	294943	359537	194452
2018-04-12	305246	415803	162981
2018-04-13	252495	323067	127963
2018-04-16	222483	314769	125935
2018-04-17	232764	335715	115381
2018-04-18	283801	353430	116771
2018-04-19	321395	405573	158433
2018-04-20	264210	367316	153479
2018-04-23	267808	329859	132257
2018-04-24	293167	336891	189934
2018-04-25	266577	309105	176446
2018-04-26	343282	397810	185053
2018-04-27	298060	364813	159946
2018-04-30	272769	336016	151160
2018-05-01	246783	321261	134458
2018-05-02	399387	426559	215142
2018-05-03	350903	412582	190977
2018-05-04	294618	334072	151082
2018-05-07	208371	268798	114288
2018-05-08	315626	386536	165417
2018-05-09	302705	364094	150802
2018-05-10	356891	523334	210909
2018-05-11	281129	350515	147933
2018-05-14	258396	281525	115793
2018-05-15	346876	364121	167079
2018-05-16	395834	426809	179650
2018-05-17	353007	400959	170817
2018-05-18	281011	308221	153618
2018-05-21	250183	284218	139251
2018-05-22	321837	331843	157174
2018-05-23	439838	404572	213674
2018-05-24	384527	433850	184650
2018-05-25	376854	403884	168156
2018-05-28	268406	298399	115692
2018-05-29	538727	570659	199890
2018-05-30	499032	542118	221408
2018-05-31	445182	505929	226113
2018-06-01	420489	440493	192463
2018-06-04	304006	409783	149587
2018-06-05	352186	408819	159903
2018-06-06	343459	377398	137033
2018-06-07	373354	409171	147411
2018-06-08	336460	360203	130077
2018-06-11	246708	292134	97202
2018-06-12	302860	385138	128459
2018-06-13	313216	378608	136471
2018-06-14	426675	441709	198149
2018-06-15	350966	366088	169435
2018-06-18	214988	294554	140509
2018-06-19	367192	398126	209460
2018-06-20	302579	366135	187093
2018-06-21	407550	532997	223521
2018-06-22	365320	416258	212324
2018-06-25	316206	370280	190222
2018-06-26	356750	386714	144258
2018-06-27	385289	449943	200537
2018-06-28	392412	503028	193869
2018-06-29	440134	486779	196332
2018-07-02	288207	325141	159911
2018-07-03	263745	320687	153560
2018-07-04	183075	271466	111907
2018-07-05	300796	588265	150560
2018-07-06	257247	291767	143246
2018-07-09	247061	413334	107191
2018-07-10	236926	304387	134138
2018-07-11	324620	386674	167760
2018-07-12	279862	316701	140828
2018-07-13	260977	303488	138893
2018-07-16	224464	251916	122225
2018-07-17	275164	395492	182746
2018-07-18	263106	329170	140935
2018-07-19	380539	408504	205425
2018-07-20	407384	398686	209766
2018-07-23	231178	263263	117970
2018-07-24	253663	289838	150724
2018-07-25	275462	293388	128559
2018-07-26	291207	281968	126828
2018-07-27	217739	227914	108040
2018-07-30	160348	347852	77268
2018-07-31	241601	271715	124713
2018-08-01	225785	272182	106012
2018-08-02	206015	308072	87256
2018-08-03	238037	267363	105778
2018-08-06	151344	171309	69370
2018-08-07	164360	183993	79668
2018-08-08	157848	249851	96887
2018-08-09	164896	248182	124584
2018-08-10	336252	444488	160502
2018-08-13	336821	362795	127318
2018-08-14	255514	325133	109789
2018-08-15	247849	338313	121074
2018-08-16	267776	337140	137190
2018-08-17	226640	275843	114132
2018-08-20	170947	200073	89375
2018-08-21	251337	287823	121874
2018-08-22	225725	283530	133941
2018-08-23	216669	270611	105939
2018-08-24	239435	262877	138162
2018-08-27	178949	207439	102251
2018-08-28	217238	243283	122084
2018-08-29	237212	324257	155105
2018-08-30	228872	321371	148686
2018-08-31	263784	333568	153312
2018-09-03	147542	252814	82810
2018-09-04	208527	295625	123200
2018-09-05	247033	343178	126732
2018-09-06	232024	282627	134817
2018-09-07	265824	358764	138665
2018-09-10	172553	246022	92928
2018-09-11	183291	265927	111505
2018-09-12	210931	266796	123225
2018-09-13	208852	264127	125076
2018-09-14	191589	262955	108698
2018-09-17	153701	241189	105658
2018-09-18	230468	289001	165692
2018-09-19	215184	299582	148056
2018-09-20	232146	368612	149843
2018-09-21	220726	337591	141991
2018-09-24	184027	251405	119536
2018-09-25	208801	275750	125587
2018-09-26	263980	289688	145025
2018-09-27	281089	295048	151004
2018-09-28	252976	260908	100370
2018-10-01	204428	248202	88511
2018-10-02	230302	265794	94126
2018-10-03	268885	327183	103840
2018-10-04	248533	313764	104679
2018-10-05	258662	329740	86245
2018-10-08	147510	257468	68949
2018-10-09	259194	332372	84350
2018-10-10	244845	300192	100534
2018-10-11	362916	404116	153342
2018-10-12	227052	331027	101802
2018-10-15	195025	300825	102208
2018-10-16	198584	314996	110101
2018-10-17	240662	286257	117189
2018-10-18	257503	270203	130262
2018-10-19	263284	280397	129378
2018-10-22	194013	288843	116624
2018-10-23	258566	365728	132297
2018-10-24	268995	367478	140273
2018-10-25	255762	347599	136970
2018-10-26	249227	375543	164127
2018-10-29	122939	162834	61219
2018-10-30	105865	175522	65420
2018-10-31	122690	169691	63627
2018-11-01	135669	205882	71834
2018-11-02	147588	168635	77038
2018-11-05	119284	139821	56466
2018-11-06	114582	161735	60586
2018-11-07	194410	202017	96473
2018-11-08	153273	183659	72624
2018-11-09	140752	179741	87498
2018-11-12	133968	199290	75114
2018-11-13	159688	223972	79960
2018-11-14	193602	298423	93402
2018-11-15	205428	375442	107001
2018-11-16	165061	217794	70701
2018-11-19	108477	147495	48786
2018-11-20	130451	161112	66644
2018-11-21	120791	158031	60964
2018-11-22	105419	167002	46648
2018-11-23	104740	150643	50842
2018-11-26	107818	145711	54069
2018-11-27	131354	214661	63554
2018-11-28	155450	178422	66235
2018-11-29	139363	170588	64553
2018-11-30	127719	177417	56784
2018-12-03	125111	166756	60342
2018-12-04	139255	222247	77371
2018-12-05	88039	168755	55716
2018-12-06	161874	229607	94960
2018-12-07	172117	239091	85195
2018-12-10	149595	240586	76352
2018-12-11	132647	210370	72810
2018-12-12	148340	268994	66857
2018-12-13	129806	178522	55646
2018-12-14	121264	194897	52634
2018-12-17	106532	189816	52991
2018-12-18	115522	187310	61740
2018-12-19	167156	240227	74464
2018-12-20	184486	236433	80699
2018-12-21	162714	232348	73249
2018-12-24	117598	154079	58735
2018-12-26	76163	89074	34434
2018-12-27	185274	255486	84831
2018-12-28	146886	144498	60791
2018-12-31	88264	123988	67606
2019-01-02	148622	185525	83501
2019-01-03	212158	210332	110391
2019-01-04	161027	193369	87528
2019-01-07	110420	131878	55732
2019-01-08	110473	136686	64255
2019-01-09	162352	209186	77818
2019-01-10	154568	176245	61787
2019-01-11	129218	200091	63648
2019-01-14	109227	182915	48666
2019-01-15	157552	257867	60293
2019-01-16	118444	203142	53404
2019-01-17	122500	191169	60909
2019-01-18	114165	179269	63442
2019-01-21	61605	129342	49488
2019-01-22	111776	167804	67328
2019-01-23	106186	192617	75325
2019-01-24	128935	180618	80011
2019-01-25	150792	221258	77966
2019-01-28	101970	159670	60916
2019-01-29	133733	261229	72719
2019-01-30	145607	206241	86028
2019-01-31	142383	177699	77182
2019-02-01	119365	179965	78198
2019-02-04	95949	164505	53446
2019-02-05	99029	136200	59931
2019-02-06	87171	140843	72565
2019-02-07	93132	160789	61470
2019-02-08	76071	113804	56258
2019-02-11	81625	146843	49670
2019-02-12	84493	141065	50956
2019-02-13	85786	155056	70086
2019-02-14	110137	175142	61728
2019-02-15	101563	170804	51497
2019-02-18	42801	103432	18290
2019-02-19	107397	154085	53096
2019-02-20	99619	175639	53677
2019-02-21	129173	187491	83665
2019-02-22	99364	160860	69798
2019-02-25	91580	159959	66573
2019-02-26	113105	230655	57495
2019-02-27	109150	193673	65524
2019-02-28	130417	180081	70866
2019-03-01	114249	178753	58000
2019-03-04	93630	172374	57951
2019-03-05	91370	186826	60185
2019-03-06	82905	161274	61170
2019-03-07	124658	181481	66925
2019-03-08	113186	190918	63996
2019-03-11	86324	202970	48055
2019-03-12	118289	266112	45442
2019-03-13	91842	192292	47612
2019-03-14	101951	209804	53060
2019-03-15	80831	181936	49311
2019-03-18	62694	145666	45884
2019-03-19	67454	143787	49820
2019-03-20	117361	201532	56492
2019-03-21	119881	228812	77980
2019-03-22	145043	238186	83232
2019-03-25	91079	192086	69410
2019-03-26	105183	188697	70769
2019-03-27	123905	244609	96500
2019-03-28	112875	229727	79051
2019-03-29	115879	237580	66586
2019-04-01	98180	196868	62294
2019-04-02	89340	221765	62444
2019-04-03	90609	200801	54966
2019-04-04	81040	188891	43487
2019-04-05	74332	166975	50383
2019-04-08	65351	148802	39789
2019-04-09	77137	167521	43028
2019-04-10	93482	153008	57520
2019-04-11	70734	145672	49222
2019-04-12	80904	142068	57261
2019-04-15	64906	127354	41606
2019-04-16	93200	151490	58930
2019-04-17	77306	142242	57626
2019-04-18	102248	178955	43436
2019-04-19	32260	138455	20403
2019-04-22	28711	59129	22824
2019-04-23	72855	135357	32734
2019-04-24	104395	154598	54421
2019-04-25	89654	140617	43545
2019-04-26	101612	199859	51475
2019-04-29	59141	108014	31541
2019-04-30	94962	152328	50533
2019-05-01	95206	116696	49369
2019-05-02	87124	148862	42575
2019-05-03	93138	154548	47881
2019-05-06	84267	129139	53799
2019-05-07	86989	136419	60971
2019-05-08	90622	166571	73638
2019-05-09	98562	137510	57836
2019-05-10	79590	135869	89339
2019-05-13	68256	121306	57756
2019-05-14	60139	110085	48694
2019-05-15	72705	122633	52307
2019-05-16	56906	92585	51259
2019-05-17	65224	112157	50296
2019-05-20	47035	86431	45094
2019-05-21	63282	145016	53310
2019-05-22	50916	126200	41879
2019-05-23	74578	139815	58900
2019-05-24	55491	136697	48874
2019-05-27	27325	111680	21181
2019-05-28	62989	171988	44692
2019-05-29	69758	140583	50271
2019-05-30	52890	115300	40902
2019-05-31	88546	148158	73003
2019-06-03	86061	142258	72774
2019-06-04	98038	147390	82986
2019-06-05	109937	145337	85970
2019-06-06	121366	179155	85285
2019-06-07	99503	178571	71037
2019-06-10	62107	160657	53772
2019-06-11	81918	208452	56452
2019-06-12	90654	202339	61993
2019-06-13	82234	189092	56673
2019-06-14	116256	202581	70301
2019-06-17	68092	147130	48124
2019-06-18	132186	206452	70638
2019-06-19	129171	195860	72225
2019-06-20	142363	235905	87753
2019-06-21	130454	235332	70093
2019-06-24	78461	143687	51382
2019-06-25	139238	187133	100639
2019-06-26	95537	209625	79345
2019-06-27	84190	185188	72427
2019-06-28	86365	177722	64443
2019-07-01	98927	174853	66976
2019-07-02	75649	163263	60529
2019-07-03	75923	137966	55975
2019-07-04	32831	81931	28345
2019-07-05	77809	134101	61677
2019-07-08	50759	92772	40393
2019-07-09	55164	105423	44354
2019-07-10	86369	144282	68181
2019-07-11	86086	138936	67698
2019-07-12	70295	124610	58022
2019-07-15	52833	92976	49781
2019-07-16	67749	136698	54392
2019-07-17	55523	125119	50317
2019-07-18	96499	156551	59861
2019-07-19	84032	133705	66855
2019-07-22	60368	126435	42803
2019-07-23	67183	141515	48204
2019-07-24	75644	158814	45146
2019-07-25	129881	172051	62593
2019-07-26	66601	152118	39769
2019-07-29	50523	125675	26558
2019-07-30	68727	161472	37807
2019-07-31	134407	206304	90202
2019-08-01	161530	230127	93373
2019-08-02	166092	214350	96683
2019-08-05	133780	220604	92282
2019-08-06	126964	203192	105979
2019-08-07	148080	213081	137603
2019-08-08	132312	154317	96965
2019-08-09	86734	168088	61290
2019-08-12	86019	207834	74730
2019-08-13	130059	223307	94163
2019-08-14	111195	202711	84918
2019-08-15	147104	205679	97240
2019-08-16	115555	205437	76331
2019-08-19	66337	143988	59702
2019-08-20	67759	159254	58633
2019-08-21	75078	135828	45238
2019-08-22	87397	195333	57854
2019-08-23	128429	205798	107657
2019-08-26	139776	204434	131159
2019-08-27	89395	177349	63824
2019-08-28	83908	218404	66575
2019-08-29	109917	173740	66405
2019-08-30	109657	175913	80011
2019-09-02	66931	168527	43483
2019-09-03	114892	230565	70222
2019-09-04	96343	196461	48579
2019-09-05	106442	204767	56499
2019-09-06	101355	167782	56106
2019-09-09	79575	158305	46269
2019-09-10	78804	157721	44184
2019-09-11	73586	143837	46097
2019-09-12	172226	207157	58410
2019-09-13	99352	166980	40790
2019-09-16	90342	146864	44838
2019-09-17	107500	153542	43773
2019-09-18	101264	155242	52032
2019-09-19	101579	175988	65285
2019-09-20	93103	172930	60825
2019-09-23	94936	142450	51830
2019-09-24	96240	155861	66778
2019-09-25	94787	149584	71355
2019-09-26	97705	143440	76570
2019-09-27	90721	140010	72259
2019-09-30	84002	127302	59968
2019-10-01	110414	168090	79018
2019-10-02	99318	151196	63267
2019-10-03	109390	186395	73229
2019-10-04	102740	144822	75395
2019-10-07	75252	121190	67248
2019-10-08	102350	173716	68920
2019-10-09	76210	175843	49682
2019-10-10	115533	238835	61277
2019-10-11	125038	312481	68147
2019-10-14	64609	158963	47993
2019-10-15	115696	242681	53932
2019-10-16	121578	251757	58231
2019-10-17	121560	249171	53045
2019-10-18	75980	170225	40915
2019-10-21	69305	177622	38651
2019-10-22	76640	202598	45486
2019-10-23	63403	164018	36007
2019-10-24	89227	155377	42875
2019-10-25	51774	113542	32341
2019-10-28	48916	106850	35444
2019-10-29	60317	140011	49347
2019-10-30	94205	137261	65805
2019-10-31	92681	155398	71961
2019-11-01	75402	125940	57238
2019-11-04	59392	97001	46406
2019-11-05	77202	126266	59727
2019-11-06	56580	105258	43032
2019-11-07	84532	135633	52158
2019-11-08	56723	100137	40480
2019-11-11	43209	104626	29573
2019-11-12	57029	125357	44498
2019-11-13	62434	104374	58991
2019-11-14	58440	98134	44460
2019-11-15	48968	89705	35539
2019-11-18	48814	103737	36077
2019-11-19	45651	100883	36938
2019-11-20	59234	106242	43970
2019-11-21	55096	108615	49075
2019-11-22	62089	116574	38103
2019-11-25	49212	96267	35834
2019-11-26	49275	102418	43636
2019-11-27	48794	121800	37299
2019-11-28	39573	99358	36367
2019-11-29	47642	102065	35648
2019-12-02	60463	101255	44527
2019-12-03	53481	105635	43968
2019-12-04	67165	131038	49127
2019-12-05	48656	93639	43100
2019-12-06	53570	93766	43903
2019-12-09	36413	87703	49530
2019-12-10	46392	98710	52194
2019-12-11	60110	117362	63639
2019-12-12	82586	171098	68566
2019-12-13	122517	236854	101649
2019-12-16	51788	115374	49604
2019-12-17	59024	161976	54716
2019-12-18	49859	159965	47151
2019-12-19	59488	139013	54259
2019-12-20	50131	103172	45722
2019-12-23	47360	137647	59086
2019-12-24	91539	96331	54525
2019-12-26	28556	58243	17257
2019-12-27	67287	119975	55736
2019-12-30	65315	107155	48648
2019-12-31	61935	110283	49299
2020-01-02	67229	132890	63390
2020-01-03	70856	128807	58390
2020-01-06	56723	108515	49027
2020-01-07	65949	119311	45697
2020-01-08	97076	151671	73973
2020-01-09	56452	126297	41530
2020-01-10	54621	104094	48739
2020-01-13	44497	98012	42675
2020-01-14	56054	118613	45367
2020-01-15	50011	99421	37222
2020-01-16	54334	96356	39733
2020-01-17	58407	100009	39401
2020-01-20	31797	61929	25782
2020-01-21	47648	87805	37412
2020-01-22	49304	104719	28906
2020-01-23	67947	94510	43906
2020-01-24	54369	106047	33956
2020-01-27	67362	84344	40755
2020-01-28	41379	84965	34552
2020-01-29	45913	63412	34635
2020-01-30	53784	113767	42078
2020-01-31	63809	101355	43212
2020-02-03	58034	106679	50897
2020-02-04	49677	109845	48526
2020-02-05	50862	86221	47118
2020-02-06	51335	83563	35679
2020-02-07	62055	102022	42367
2020-02-10	44520	93372	49155
2020-02-11	49352	96395	43144
2020-02-12	51015	97013	51483
2020-02-13	54991	118748	53577
2020-02-14	45299	100814	32216
2020-02-17	31793	62331	27331
2020-02-18	60414	107944	40182
2020-02-19	54717	99635	36664
2020-02-20	71747	106971	55578
2020-02-21	76374	111375	52542
2020-02-24	98266	108614	70353
2020-02-25	106080	134279	63094
2020-02-26	116700	136149	73306
2020-02-27	143129	162096	81026
2020-02-28	187958	213492	126305
2020-03-02	213403	219765	104820
2020-03-03	224539	210653	117497
2020-03-04	143017	146834	67568
2020-03-05	130223	121845	53886
2020-03-06	249599	201547	90880
2020-03-09	506713	389621	230892
2020-03-10	435060	293643	143089
2020-03-11	296285	215181	102378
2020-03-12	496025	277885	274468
2020-03-13	459783	320987	169849
2020-03-16	757081	409176	192683
2020-03-17	496167	442172	154446
2020-03-18	557688	380513	214062
2020-03-19	707108	519015	234158
2020-03-20	726865	340835	209429
2020-03-23	634782	313565	245490
2020-03-24	437340	346520	180485
2020-03-25	368393	293180	159118
2020-03-26	342628	322069	189316
2020-03-27	326717	326652	168043
2020-03-30	238165	208078	161168
2020-03-31	294650	252759	203616
2020-04-01	200294	175757	121559
2020-04-02	215200	189682	116215
2020-04-03	176448	163357	106500
2020-04-06	169683	136265	108359
2020-04-07	179838	167270	122847
2020-04-08	149519	107418	95217
2020-04-09	161338	132838	96519
2020-04-10	69490	28293	36705
2020-04-13	99873	66883	56228
2020-04-14	127065	113710	75312
2020-04-15	126825	116149	87782
2020-04-16	150941	120248	108750
2020-04-17	149909	116966	105675
2020-04-20	112466	97139	76221
2020-04-21	127188	138489	94021
2020-04-22	95325	102795	72153
2020-04-23	131611	120488	85615
2020-04-24	81287	98027	53246
2020-04-27	67294	72530	35485
2020-04-28	79613	94901	51885
2020-04-29	81930	89945	46698
2020-04-30	115959	123806	70440
2020-05-01	88454	98738	54338
2020-05-04	89008	105378	60719
2020-05-05	94468	109441	56949
2020-05-06	86889	94129	56234
2020-05-07	101121	120541	67180
2020-05-08	81638	85718	57026
2020-05-11	80064	110794	56027
2020-05-12	85744	125567	62113
2020-05-13	91899	141101	91234
2020-05-14	83561	127443	72575
2020-05-15	82385	126580	70675
2020-05-18	79792	118849	50508
2020-05-19	82395	115907	56590
2020-05-20	73647	107791	61942
2020-05-21	77540	100983	70118
2020-05-22	66735	94399	61726
2020-05-25	41030	67637	35502
2020-05-26	77530	113207	65072
2020-05-27	135620	164523	96103
2020-05-28	116810	141410	91581
2020-05-29	147798	190077	116061
2020-06-01	112987	137090	87442
2020-06-02	134332	154773	97853
2020-06-03	153694	171249	125466
2020-06-04	167635	172711	113494
2020-06-05	159967	182679	115024
2020-06-08	119853	129082	77790
2020-06-09	137057	157930	100143
2020-06-10	155636	195362	117361
2020-06-11	207088	238822	147925
2020-06-12	188035	234163	155933
2020-06-15	177441	219938	160529
2020-06-16	163805	217051	146657
2020-06-17	146921	168157	115926
2020-06-18	142272	178794	123333
2020-06-19	128755	146819	115238
2020-06-22	104186	126538	86194
2020-06-23	141142	167911	118922
2020-06-24	122565	158832	120459
2020-06-25	119577	155074	106111
2020-06-26	86096	126139	88036
2020-06-29	93129	114382	94857
2020-06-30	107571	131607	95365
2020-07-01	101725	131438	88330
2020-07-02	97895	126060	87906
2020-07-03	69624	100816	57432
2020-07-06	78224	110328	72122
2020-07-07	86060	126257	84443
2020-07-08	87035	127800	95521
2020-07-09	108668	139223	105773
2020-07-10	81891	118414	89754
2020-07-13	85065	125786	87335
2020-07-14	102598	157344	116933
2020-07-15	81081	136354	86795
2020-07-16	85196	119427	82952
2020-07-17	59274	90904	55794
2020-07-20	87266	106623	57887
2020-07-21	87826	123663	79574
2020-07-22	106650	117745	97100
2020-07-23	98276	130075	102139
2020-07-24	97439	112500	93630
2020-07-27	105247	123517	77651
2020-07-28	107561	126108	92769
2020-07-29	108198	122227	86084
2020-07-30	112332	134958	94872
2020-07-31	140205	170166	128703
2020-08-03	100816	131210	72864
2020-08-04	91612	108143	66723
2020-08-05	91990	110881	73694
2020-08-06	112955	150982	85359
2020-08-07	111274	146519	92742
2020-08-10	75203	93068	57013
2020-08-11	108148	133678	84550
2020-08-12	110004	146412	87720
2020-08-13	96849	118192	79787
2020-08-14	76959	107769	60364
2020-08-17	68832	94927	66648
2020-08-18	100853	120597	83834
2020-08-19	116634	141760	102762
2020-08-20	115443	144801	106250
2020-08-21	109973	137436	99405
2020-08-24	93810	92496	74272
2020-08-25	95982	91685	73127
2020-08-26	96250	91969	81114
2020-08-27	169683	147970	112987
2020-08-28	153206	129414	107353
2020-08-31	128074	101669	92857
2020-09-01	154045	136847	108940
2020-09-02	131415	115888	92411
2020-09-03	143320	135067	100918
2020-09-04	149600	138654	117518
2020-09-07	66719	77053	54763
2020-09-08	135915	132001	88610
2020-09-09	119971	132797	85560
2020-09-10	146868	166189	91874
2020-09-11	103285	132822	74719
2020-09-14	73490	114224	57677
2020-09-15	83393	112923	60989
2020-09-16	125459	134836	80305
2020-09-17	141256	145325	87510
2020-09-18	99764	109698	71649
2020-09-21	122401	134660	81953
2020-09-22	134072	147381	82034
2020-09-23	123105	153561	77835
2020-09-24	128721	163037	76677
2020-09-25	112946	141096	84198
2020-09-28	94912	127083	38178
2020-09-29	96174	130039	48190
2020-09-30	122840	163526	82325
2020-10-01	122155	180056	71246
2020-10-02	143811	188198	92704
2020-10-05	98386	116166	51041
2020-10-06	128525	155034	76590
2020-10-07	112545	142542	56369
2020-10-08	90136	118297	49905
2020-10-09	89573	113545	44108
2020-10-12	74980	96442	42805
2020-10-13	95239	122879	55645
2020-10-14	93301	131237	61626
2020-10-15	105215	147921	69058
2020-10-16	93508	146471	58872
2020-10-19	89601	131662	48586
2020-10-20	88905	121180	51600
2020-10-21	110434	146187	62379
2020-10-22	92402	121773	60216
2020-10-23	88316	116423	53754
2020-10-26	88977	130230	65838
2020-10-27	77402	109411	51999
2020-10-28	113047	152125	78183
2020-10-29	116594	161467	82040
2020-10-30	116456	159881	82281
2020-11-02	93630	127079	76236
2020-11-03	89234	112380	67192
2020-11-04	254262	286304	182446
2020-11-05	160573	209391	107431
2020-11-06	155718	191361	94981
2020-11-09	191662	223041	116910
2020-11-10	155190	200172	90085
2020-11-11	93913	143808	74491
2020-11-12	98097	132794	57652
2020-11-13	71648	107060	48747
2020-11-16	92948	122866	54602
2020-11-17	80513	119350	51318
2020-11-18	81229	103647	54029
2020-11-19	85090	117336	59972
2020-11-20	74355	107625	60119
2020-11-23	83540	114867	51241
2020-11-24	89786	123662	62701
2020-11-25	94961	120610	55935
2020-11-26	52967	71307	35161
2020-11-27	60868	91243	41109
2020-11-30	93985	127085	60505
2020-12-01	103776	118878	54779
2020-12-02	110724	123892	57632
2020-12-03	99762	104485	49432
2020-12-04	109747	127682	58312
2020-12-07	106914	128963	55547
2020-12-08	98926	134531	52088
2020-12-09	96456	106970	58069
2020-12-10	122487	134969	64722
2020-12-11	96070	123678	55761
2020-12-14	86291	120618	44304
2020-12-15	88324	129538	48110
2020-12-16	105462	123802	56248
2020-12-17	88079	112651	46249
2020-12-18	76805	102088	46688
2020-12-21	142331	162242	90225
2020-12-22	107772	137183	66394
2020-12-23	108059	142510	66914
2020-12-24	65042	91717	44267
2020-12-28	87460	96492	50765
2020-12-29	75379	113117	48325
2020-12-30	90664	111899	51792
2020-12-31	83544	116104	54877
2021-01-04	114608	140357	84413
2021-01-05	100736	132556	89501
2021-01-06	165016	180188	135420
2021-01-07	114756	131903	97283
2021-01-08	140149	155591	113543
2021-01-11	105738	127145	82606
2021-01-12	93241	122545	77802
2021-01-13	93653	114529	68622
2021-01-14	110914	121473	70054
2021-01-15	94064	119456	77699
2021-01-18	67661	86846	55660
2021-01-19	77271	101785	65971
2021-01-20	84023	113836	67442
2021-01-21	87447	106989	73750
2021-01-22	73606	94571	65586
2021-01-25	46771	61297	44604
2021-01-26	43911	53275	34685
2021-01-27	61468	72904	59781
2021-01-28	63508	75679	56294
2021-01-29	64122	76487	64038
2021-02-01	54064	64624	51567
2021-02-02	48424	60780	43127
2021-02-03	41105	58537	42117
2021-02-04	42675	60738	41538
2021-02-05	49503	59641	43370
2021-02-08	47066	58235	40030
2021-02-09	48453	59577	45189
2021-02-10	42527	48792	44876
2021-02-11	32957	44396	35078
2021-02-12	40488	53769	34696
2021-02-15	32288	45835	28147
2021-02-16	48754	71421	48199
2021-02-17	55719	76241	53045
2021-02-18	46533	66431	55637
2021-02-19	46901	64646	52689
2021-02-22	52917	64749	55593
2021-02-23	52044	67570	61427
2021-02-24	65679	85707	70542
2021-02-25	80704	104365	84147
2021-02-26	97263	129485	109275
2021-03-01	65781	92717	67091
2021-03-02	62319	80688	63726
2021-03-03	59365	75420	59063
2021-03-04	76519	91742	72235
2021-03-05	78148	84334	69318
2021-03-08	74522	100934	70508
2021-03-09	72789	96795	67869
2021-03-10	66565	88067	61891
2021-03-11	64426	78491	54065
2021-03-12	65476	82838	63017
2021-03-15	52660	73624	50242
2021-03-16	51571	69341	40740
2021-03-17	54900	74557	46827
2021-03-18	69280	88322	61129
2021-03-19	57738	79160	55364
2021-03-22	48244	61799	35772
2021-03-23	52520	69181	44653
2021-03-24	51289	62094	37789
2021-03-25	53598	65682	42491
2021-03-26	42073	51672	31523
2021-03-29	48099	53945	34747
2021-03-30	43841	52091	36229
2021-03-31	46789	53574	33736
2021-04-01	43654	54042	31558
2021-04-02	20572	34426	14344
2021-04-05	29861	33529	22172
2021-04-06	43630	49590	31285
2021-04-07	51003	54531	37354
2021-04-08	41619	45275	35086
2021-04-09	44480	43960	37241
2021-04-12	42677	42675	34050
2021-04-13	50406	44842	36778
2021-04-14	36748	32907	36313
2021-04-15	38556	41359	29988
2021-04-16	34628	39049	25193
2021-04-19	41615	48451	30075
2021-04-20	41796	44201	32412
2021-04-21	35026	40586	26681
2021-04-22	43290	45208	30880
2021-04-23	36788	40274	24860
2021-04-26	35828	38898	26667
2021-04-27	33329	36480	25175
2021-04-28	42977	46044	29681
2021-04-29	40222	46489	32712
2021-04-30	39002	43255	28153
2021-05-03	32826	36529	25078
2021-05-04	42100	50277	33872
2021-05-05	35207	39668	27739
2021-05-06	38262	46736	30860
2021-05-07	48495	49319	34743
2021-05-10	44392	49463	28047
2021-05-11	48941	54233	34193
2021-05-12	56591	58366	40189
2021-05-13	56412	57088	39452
2021-05-14	43617	44229	29941
2021-05-17	39910	43388	27449
2021-05-18	41573	48475	26145
2021-05-19	60516	63302	41950
2021-05-20	44133	49191	28908
2021-05-21	46701	56472	30447
2021-05-24	45049	56163	32297
2021-05-25	48697	58762	34659
2021-05-26	46222	55730	38493
2021-05-27	46983	60849	33771
2021-05-28	45972	70121	34895
2021-05-31	27366	44257	21151
2021-06-01	41370	65547	30616
2021-06-02	41994	58698	30273
2021-06-03	46362	66271	35798
2021-06-04	44849	63155	32902
2021-06-07	32913	54798	26558
2021-06-08	41545	55292	27444
2021-06-09	35383	46374	26153
2021-06-10	49221	60989	31617
2021-06-11	40099	51995	26660
2021-06-14	34813	47521	26558
2021-06-15	38570	54003	34173
2021-06-16	52161	61875	40072
2021-06-17	68608	76115	49285
2021-06-18	70388	76046	47166
2021-06-21	52080	52611	34525
2021-06-22	47044	52029	31015
2021-06-23	50523	64834	31448
2021-06-24	48258	63102	33681
2021-06-25	44253	52385	30121
2021-06-28	45330	50337	34970
2021-06-29	45965	51805	34082
2021-06-30	52060	57101	31593
2021-07-01	49986	59524	31462
2021-07-02	54008	59248	35041
2021-07-05	35709	39190	22773
2021-07-06	59422	66367	36822
2021-07-07	54187	66469	38293
2021-07-08	69492	81090	51706
2021-07-09	80120	105311	59242
2021-07-12	59430	69305	37989
2021-07-13	74209	77612	47551
2021-07-14	70627	81286	51923
2021-07-15	76382	91560	53192
2021-07-16	68583	76797	55279
2021-07-19	87426	121133	70721
2021-07-20	75786	97653	57501
2021-07-21	62021	74843	50441
2021-07-22	75854	77675	51450
2021-07-23	52565	71393	38895
2021-07-26	57511	66498	42155
2021-07-27	67589	76226	54822
2021-07-28	76181	76006	64620
2021-07-29	52552	53422	44615
2021-07-30	59665	62396	50554
2021-08-02	49382	57711	42506
2021-08-03	55812	59861	46932
2021-08-04	53956	59097	45970
2021-08-05	51572	57848	36798
2021-08-06	56292	47728	40835
2021-08-09	52507	51980	37277
2021-08-10	46093	42947	36284
2021-08-11	49838	48611	41569
2021-08-12	37923	40669	35334
2021-08-13	37153	32128	25639
2021-08-16	40384	41453	37746
2021-08-17	55542	50651	47422
2021-08-18	52667	44651	47418
2021-08-19	64040	54341	57892
2021-08-20	46427	45351	39147
2021-08-23	45166	42147	36819
2021-08-24	42195	40736	38792
2021-08-25	48894	43049	39188
2021-08-26	53719	44089	42458
2021-08-27	65642	49857	40775
2021-08-30	38563	33718	30187
2021-08-31	62699	63326	45608
2021-09-01	52286	46866	45979
2021-09-02	44037	35275	34829
2021-09-03	61955	52245	48660
2021-09-06	31857	36060	46174
2021-09-07	57763	50945	48397
2021-09-08	69033	52379	60620
2021-09-09	74468	55896	75214
2021-09-10	55067	47413	71902
2021-09-13	56782	53323	63027
2021-09-14	58474	57811	66048
2021-09-15	52482	50597	41438
2021-09-16	56007	51727	44928
2021-09-17	55011	62497	49903
2021-09-20	53890	64642	58239
2021-09-21	54099	74302	59975
2021-09-22	78788	88422	63668
2021-09-23	64995	81389	55955
2021-09-24	48987	63423	49372
2021-09-27	56827	66288	54849
2021-09-28	67729	92657	75019
2021-09-29	70135	88870	72868
2021-09-30	73592	85101	72176
2021-10-01	70501	106842	70736
2021-10-04	54819	85148	64866
2021-10-05	50972	77408	55336
2021-10-06	64309	101846	70373
2021-10-07	47376	69728	51313
2021-10-08	56732	76947	56332
2021-10-11	41659	63233	45919
2021-10-12	54268	72892	53057
2021-10-13	60037	62098	55968
2021-10-14	48475	42726	41669
2021-10-15	52689	47398	51276
2021-10-18	57969	46941	51506
2021-10-19	62948	46051	51689
2021-10-20	64762	52988	50483
2021-10-21	67014	45747	55141
2021-10-22	70424	70728	55209
2021-10-25	60780	65511	45373
2021-10-26	52313	53159	50328
2021-10-27	71384	70214	55952
2021-10-28	80494	81374	60005
2021-10-29	80640	65635	53935
2021-11-01	49126	69791	43216
2021-11-02	54770	55950	50763
2021-11-03	63017	71354	67497
2021-11-04	61168	67392	57055
2021-11-05	61126	58558	50752
2021-11-08	43998	47780	41052
2021-11-09	57550	56226	45968
2021-11-10	80248	74625	57508
2021-11-11	49484	48910	44788
2021-11-12	55339	46142	38472
2021-11-15	60304	47691	36799
2021-11-16	66201	60862	46770
2021-11-17	71993	63279	46565
2021-11-18	58488	51599	47548
2021-11-19	83920	78910	55941
2021-11-22	80128	72384	55560
2021-11-23	75965	68078	63869
2021-11-24	84439	65889	59231
2021-11-25	43872	61597	33958
2021-11-26	108071	91326	80226
2021-11-29	72405	64229	55597
2021-11-30	122787	116708	98477
2021-12-01	100267	90055	87671
2021-12-02	88028	73744	70664
2021-12-03	102590	78362	71405
2021-12-06	65271	54521	47611
2021-12-07	68300	52791	49427
2021-12-08	78752	77608	63495
2021-12-09	70254	53697	46602
2021-12-10	67623	56301	46341
2021-12-13	60681	50411	39441
2021-12-14	61239	45538	47553
2021-12-15	86703	72277	77240
2021-12-16	83273	78527	71933
2021-12-17	73918	58285	54447
2021-12-20	68341	51194	62067
2021-12-21	61657	43595	44928
2021-12-22	56962	43239	43858
2021-12-23	54858	41470	48332
2021-12-24	71632	63061	104934
2021-12-27	40512	23440	39341
2021-12-28	43431	25365	54777
2021-12-29	58387	33901	48737
2021-12-30	57146	36125	52115
2021-12-31	42180	37949	37221
2022-01-03	63771	40452	38391
2022-01-04	72146	47267	40635
2022-01-05	71332	52329	61550
2022-01-06	73008	53619	50178
2022-01-07	57898	47515	44596
2022-01-10	61432	47916	48389
2022-01-11	57312	48703	47336
2022-01-12	62490	46748	50929
2022-01-13	63576	45295	49568
2022-01-14	71638	57334	59120
2022-01-17	40820	38578	36943
2022-01-18	82215	69126	61010
2022-01-19	70886	61034	58434
2022-01-20	72815	55156	58477
2022-01-21	70184	64188	77544
2022-01-24	81532	75691	79933
2022-01-25	72165	66089	78625
2022-01-26	94615	74435	89344
2022-01-27	100144	79515	88810
2022-01-28	94409	75259	77098
2022-01-31	83770	62422	65747
2022-02-01	78866	55476	64578
2022-02-02	64834	48169	52664
2022-02-03	116024	84115	73035
2022-02-04	105246	77453	75709
2022-02-07	86135	56241	58865
2022-02-08	74729	47839	48130
2022-02-09	66563	39927	42724
2022-02-10	113802	85961	77500
2022-02-11	128299	103006	98355
2022-02-14	126069	85202	79536
2022-02-15	93161	62793	58625
2022-02-16	83939	62330	63246
2022-02-17	112194	83033	76840
2022-02-18	82301	62214	56114
2022-02-21	60014	53302	59337
2022-02-22	109612	78542	81698
2022-02-23	76336	53636	63629
2022-02-24	210978	157944	156667
2022-02-25	135949	91844	101436
2022-02-28	167712	114117	101520
2022-03-01	133528	81705	76019
2022-03-02	158965	107423	85748
2022-03-03	117889	76791	66646
2022-03-04	153920	104838	95410
2022-03-07	209874	148465	116725
2022-03-08	198922	129982	116331
2022-03-09	141192	86834	73118
2022-03-10	163690	97271	71352
2022-03-11	142587	92878	68319
2022-03-14	118450	70124	69241
2022-03-15	137951	82084	70841
2022-03-16	163415	102394	82117
2022-03-17	101517	79648	60636
2022-03-18	108228	71135	59368
2022-03-21	87675	65071	61482
2022-03-22	106073	80598	75621
2022-03-23	92902	61293	62012
2022-03-24	100353	76698	94092
2022-03-25	99534	71970	64852
2022-03-28	125308	84573	81230
2022-03-29	155690	98654	77362
2022-03-30	130760	77750	86761
2022-03-31	135129	80043	78722
2022-04-01	100449	65919	66644
2022-04-04	80612	49977	93145
2022-04-05	86592	57993	70203
2022-04-06	113688	75988	87784
2022-04-07	105589	62961	55412
2022-04-08	87533	50479	49953
2022-04-11	89636	58585	63301
2022-04-12	116960	70479	57949
2022-04-13	92886	61812	62304
2022-04-14	125826	68276	61909
2022-04-15	52788	104328	63861
2022-04-18	58751	42216	45990
2022-04-19	94444	63203	55426
2022-04-20	103169	68297	54476
2022-04-21	116333	78116	65224
2022-04-22	106070	80069	70298
2022-04-25	147585	108338	79091
2022-04-26	109267	90083	61216
2022-04-27	137158	96458	72108
2022-04-28	160760	103695	75408
2022-04-29	126637	95579	63881
2022-05-02	96909	83308	66149
2022-05-03	100440	80097	74431
2022-05-04	137227	105723	81601
2022-05-05	153761	118151	107977
2022-05-06	165769	138675	113910
2022-05-09	140065	111666	99993
2022-05-10	143130	110722	107244
2022-05-11	164055	132986	126658
2022-05-12	165118	135685	132343
2022-05-13	108974	88916	71519
2022-05-16	88554	90184	85290
2022-05-17	113303	109362	77386
2022-05-18	100497	91143	82841
2022-05-19	132487	141604	122011
2022-05-20	107064	113331	103193
2022-05-23	99960	86942	91553
2022-05-24	108881	107142	96873
2022-05-25	112142	111921	120169
2022-05-26	93161	95287	89723
2022-05-27	86209	86200	73964
2022-05-30	64076	101971	61989
2022-05-31	130945	178338	113199
2022-06-01	110083	164728	94406
2022-06-02	82772	116979	90996
2022-06-03	85292	109513	87824
2022-06-06	72989	115347	49475
2022-06-07	100861	162916	73452
2022-06-08	96411	138346	86581
2022-06-09	142257	193107	72678
2022-06-10	132441	193142	73957
2022-06-13	154061	272086	114305
2022-06-14	165957	312845	128733
2022-06-15	242078	390615	146004
2022-06-16	216923	356190	155857
2022-06-17	179112	303059	130271
2022-06-20	96594	167525	74397
2022-06-21	111532	157977	83634
2022-06-22	140410	197233	109566
2022-06-23	173078	218633	109687
2022-06-24	124544	152804	89566
2022-06-27	117417	143789	87768
2022-06-28	139983	157038	90949
2022-06-29	149037	178683	100148
2022-06-30	154806	175925	130201
2022-07-01	165001	181754	119944
2022-07-04	83888	104999	75641
2022-07-05	171510	191937	114163
2022-07-06	193297	245087	140810
2022-07-07	149520	181700	102894
2022-07-08	160471	190022	121573
2022-07-11	138201	155615	84170
2022-07-12	167939	196770	109116
2022-07-13	197821	254671	143488
2022-07-14	201739	253895	143412
2022-07-15	151607	207411	121902
2022-07-18	139704	164895	103234
2022-07-19	173339	177695	101891
2022-07-20	158797	182132	96485
2022-07-21	202994	246019	122194
2022-07-22	187716	234274	94729
2022-07-25	150984	170471	83458
2022-07-26	134152	164091	73264
2022-07-27	158166	195936	101130
2022-07-28	181867	216280	133981
2022-07-29	164661	219277	113087
2022-08-01	144111	164352	84690
2022-08-02	180624	215477	103704
2022-08-03	156351	204014	84967
2022-08-04	142373	192723	71844
2022-08-05	135987	180147	76960
2022-08-08	106890	128081	59643
2022-08-09	89950	115156	54122
2022-08-10	138707	172469	77502
2022-08-11	135023	169458	123792
2022-08-12	118439	152058	73163
2022-08-15	103144	126567	64056
2022-08-16	112890	139196	64111
2022-08-17	148090	169358	102835
2022-08-18	134535	150968	74838
2022-08-19	112270	147178	66407
2022-08-22	122044	131679	73485
2022-08-23	157798	176317	88511
2022-08-24	125343	156159	65638
2022-08-25	123229	155792	80999
2022-08-26	152424	211212	88703
2022-08-29	125533	98390	70362
2022-08-30	135754	124986	79371
2022-08-31	136802	126642	84822
2022-09-01	137724	132445	84621
2022-09-02	138132	121544	82258
2022-09-05	102291	88342	57992
2022-09-06	161199	139421	81031
2022-09-07	134010	122797	84390
2022-09-08	167903	157858	88987
2022-09-09	128890	124704	71108
2022-09-12	130003	107926	58481
2022-09-13	143121	131256	82480
2022-09-14	160371	141262	76937
2022-09-15	107827	103138	68444
2022-09-16	122091	118226	71773
2022-09-19	94197	71583	57023
2022-09-20	123187	113865	56927
2022-09-21	167228	171314	120171
2022-09-22	203750	197055	103249
2022-09-23	167488	191196	165874
2022-09-26	263894	355903	164939
2022-09-27	194749	258305	114407
2022-09-28	266121	309747	162296
2022-09-29	247907	288363	140795
2022-09-30	253323	285769	181295
2022-10-03	206770	221338	98239
2022-10-04	207678	223531	99491
2022-10-05	194058	229161	98488
2022-10-06	221905	251795	114034
2022-10-07	196113	219088	123256
2022-10-10	188482	327091	149533
2022-10-11	229945	412210	138864
2022-10-12	224367	429304	144036
2022-10-13	280048	472672	152654
2022-10-14	258479	442961	158073
2022-10-17	199060	329053	110694
2022-10-18	219279	371854	128405
2022-10-19	200886	338111	101838
2022-10-20	218162	453706	176315
2022-10-21	306963	532930	171181
2022-10-24	279949	490452	179908
2022-10-25	196335	333594	136825
2022-10-26	218315	398390	147305
2022-10-27	229950	438093	151579
2022-10-28	208417	385386	125456
2022-10-31	146761	250019	101630
2022-11-01	174887	293932	134755
2022-11-02	199825	368042	146100
2022-11-03	186739	359168	139173
2022-11-04	229103	409035	172366
2022-11-07	197772	308357	130054
2022-11-08	156660	260371	173676
2022-11-09	209549	373185	125363
2022-11-10	268715	444335	139124
2022-11-11	257844	381985	139168
2022-11-14	190464	201708	132146
2022-11-15	263595	272854	185758
2022-11-16	215709	229448	228922
2022-11-17	172361	188041	127973
2022-11-18	146789	163403	86992
2022-11-21	146490	157338	102019
2022-11-22	124908	135298	123988
2022-11-23	152597	152758	121375
2022-11-24	107244	128220	114175
2022-11-25	122574	166868	113198
2022-11-28	166462	170674	96315
2022-11-29	168172	174201	117152
2022-11-30	189168	200733	110131
2022-12-01	211572	202076	158617
2022-12-02	184267	199204	102480
2022-12-05	158665	159883	91611
2022-12-06	149074	149460	107395
2022-12-07	160869	165933	126987
2022-12-08	134994	131636	103916
2022-12-09	152335	156129	107900
2022-12-12	121104	118798	73831
2022-12-13	183366	201779	196426
2022-12-14	191582	194482	179645
2022-12-15	178329	192819	134994
2022-12-16	149450	171626	114541
2022-12-19	137940	143271	83816
2022-12-20	205037	223296	151434
2022-12-21	131707	141182	96586
2022-12-22	133033	136647	97906
2022-12-23	127688	138327	115353
2022-12-26	29116	15706	6611
2022-12-27	93455	111484	75255
2022-12-28	107170	113286	79976
2022-12-29	109701	105849	83175
2022-12-30	136726	131132	87175
2023-01-02	24032	46844	7367
2023-01-03	176922	171150	115919
2023-01-04	176308	170734	122655
2023-01-05	158070	160144	115129
2023-01-06	162986	212856	114976
2023-01-09	142650	160760	107937
2023-01-10	141718	152708	104311
2023-01-11	115128	122724	86674
2023-01-12	191887	191775	126201
2023-01-13	143883	149273	101699
2023-01-16	81792	105845	64110
2023-01-17	148791	168125	106767
2023-01-18	200078	197785	136143
2023-01-19	146414	140210	111855
2023-01-20	112517	114149	92381
2023-01-23	125045	115550	97084
2023-01-24	113844	113829	93702
2023-01-25	117214	126742	102597
2023-01-26	111328	130984	92377
2023-01-27	101945	107112	80771
2023-01-30	107805	122243	86228
2023-01-31	117007	115514	96524
2023-02-01	136489	148936	122606
2023-02-02	161178	176071	135566
2023-02-03	146477	161432	132636
2023-02-06	118223	123946	110912
2023-02-07	156745	152247	141026
2023-02-08	101503	103175	102923
2023-02-09	108275	109769	99356
2023-02-10	116434	113853	107172
2023-02-13	88410	90080	75692
2023-02-14	161451	159418	142647
2023-02-15	117302	126889	110255
2023-02-16	122412	124854	121294
2023-02-17	94687	119051	104375
2023-02-20	51535	71354	63964
2023-02-21	100626	132137	109208
2023-02-22	106033	118637	99078
2023-02-23	91423	99290	94829
2023-02-24	114086	129704	98165
2023-02-27	82283	100734	77190
2023-02-28	86495	105879	74978
2023-03-01	105941	134423	103881
2023-03-02	106058	114273	93040
2023-03-03	88366	90187	78306
2023-03-06	80793	84873	66937
2023-03-07	116189	122605	104385
2023-03-08	91822	100730	80711
2023-03-09	72642	91489	64655
2023-03-10	157046	181409	154386
2023-03-13	223951	257904	201834
2023-03-14	162505	193408	143070
2023-03-15	187390	228955	181975
2023-03-16	169467	178739	122537
2023-03-17	106872	112281	98375
2023-03-20	123238	111471	99430
2023-03-21	85330	72055	75098
2023-03-22	111956	116460	91090
2023-03-23	114706	119462	96103
2023-03-24	124534	112803	93821
2023-03-27	79828	79468	67750
2023-03-28	67923	74029	61963
2023-03-29	71404	85622	62650
2023-03-30	75883	77745	57383
2023-03-31	78224	80764	65575
2023-04-03	86363	81821	70220
2023-04-04	81044	87843	70393
2023-04-05	77315	81327	72400
2023-04-06	59351	65231	53377
2023-04-07	24247	40148	45879
2023-04-10	47834	51345	48840
2023-04-11	58666	72240	52237
2023-04-12	70674	77580	62585
2023-04-13	63334	72512	52464
2023-04-14	75747	85504	68229
2023-04-17	66056	71686	52960
2023-04-18	58934	65570	51977
2023-04-19	65423	76532	50816
2023-04-20	65611	68920	55617
2023-04-21	62816	65541	55131
2023-04-24	56213	57972	50630
2023-04-25	67333	65414	58694
2023-04-26	83179	83403	70777
2023-04-27	75552	81098	67989
2023-04-28	96651	101862	73719
2023-05-01	55146	64579	48890
2023-05-02	72711	83946	69917
2023-05-03	85534	96191	70443
2023-05-04	101788	113025	84821
2023-05-05	68633	72352	61206
2023-05-08	48340	48498	43203
2023-05-09	57117	56967	48736
2023-05-10	73417	64033	64851
2023-05-11	78416	86987	63972
2023-05-12	64145	63189	56043
2023-05-15	53815	51697	46839
2023-05-16	61670	62009	52077
2023-05-17	63651	61129	53138
2023-05-18	61833	60080	54035
2023-05-19	73673	79234	65577
2023-05-22	65868	69323	61279
2023-05-23	73219	80486	63100
2023-05-24	77018	88079	78007
2023-05-25	73326	76149	63691
2023-05-26	68331	82166	67024
2023-05-29	26959	30299	32904
2023-05-30	69267	83249	59982
2023-05-31	83535	92697	67025
2023-06-01	71422	84926	61808
2023-06-02	63830	82161	66451
2023-06-05	65316	84854	67038
2023-06-06	55766	73723	60191
2023-06-07	56746	75459	60722
2023-06-08	57326	80654	53650
2023-06-09	53611	82493	51519
2023-06-12	57512	72439	53984
2023-06-13	69217	109362	61715
2023-06-14	69728	100943	65776
2023-06-15	68789	94521	58469
2023-06-16	63179	103319	61773
2023-06-19	40024	63036	52516
2023-06-20	60468	108251	77433
2023-06-21	64906	123163	72608
2023-06-22	66031	124231	70552
2023-06-23	74219	123128	75248
2023-06-26	54771	100868	61170
2023-06-27	62444	123081	77138
2023-06-28	67405	113884	68973
2023-06-29	71717	110752	67320
2023-06-30	64674	107599	66528
2023-07-03	50874	89852	52994
2023-07-04	28401	49743	37198
2023-07-05	51110	69517	54089
2023-07-06	71782	103926	65818
2023-07-07	66677	86667	65860
2023-07-10	49097	75665	51696
2023-07-11	49947	79170	60472
2023-07-12	69106	96197	78378
2023-07-13	67464	93031	70705
2023-07-14	64922	90841	72208
2023-07-17	46336	73741	58551
2023-07-18	70675	97096	74199
2023-07-19	66960	102929	73241
2023-07-20	65693	82557	72317
2023-07-21	56055	76877	61049
2023-07-24	63291	94111	71516
2023-07-25	58150	86026	60081
2023-07-26	74675	96228	71361
2023-07-27	101297	117090	84255
2023-07-28	102026	115802	91881
2023-07-31	61779	75302	76539
2023-08-01	60221	80125	58554
2023-08-02	77662	95937	65469
2023-08-03	74807	101316	74708
2023-08-04	73986	93680	71433
2023-08-07	50376	63928	41948
2023-08-08	58038	76850	53228
2023-08-09	49253	73676	47843
2023-08-10	83066	91966	62608
2023-08-11	65217	79901	55927
2023-08-14	65083	87035	53816
2023-08-15	83342	100269	70441
2023-08-16	65425	91051	58242
2023-08-17	82904	89263	65595
2023-08-18	74017	82915	54819
2023-08-21	68887	73894	50254
2023-08-22	66946	72629	49758
2023-08-23	70523	90659	52542
2023-08-24	56566	78146	51511
2023-08-25	75702	93526	59026
2023-08-28	48252	59175	44701
2023-08-29	72628	87980	55083
2023-08-30	77731	86311	59329
2023-08-31	77055	88297	58970
2023-09-01	81743	98299	70292
2023-09-04	30059	44152	31909
2023-09-05	68924	94344	57265
2023-09-06	67109	84773	54199
2023-09-07	60799	75358	48800
2023-09-08	58345	68063	43797
2023-09-11	57188	73349	47984
2023-09-12	54732	64210	43604
2023-09-13	76631	90716	57516
2023-09-14	86121	90870	60557
2023-09-15	64704	69289	51159
2023-09-18	47339	57256	36413
2023-09-19	51418	56764	39418
2023-09-20	71357	82887	57231
2023-09-21	79149	84488	56458
2023-09-22	50835	70427	47883
2023-09-25	39920	61750	36571
2023-09-26	45943	60923	40721
2023-09-27	56554	69948	47281
2023-09-28	62720	73814	57346
2023-09-29	59617	76558	58123
2023-10-02	55447	67972	53995
2023-10-03	68466	84724	67987
2023-10-04	60087	80982	69470
2023-10-05	73713	82876	60388
2023-10-06	88100	111648	68825
2023-10-09	72080	80629	52019
2023-10-10	84458	95364	63247
2023-10-11	82796	104838	61001
2023-10-12	83306	99636	58857
2023-10-13	73429	95001	57120
2023-10-16	59972	83099	49952
2023-10-17	72505	97393	59033
2023-10-18	70121	99816	65797
2023-10-19	93749	114233	76824
2023-10-20	66970	93572	53489
2023-10-23	66239	81240	44691
2023-10-24	71015	95325	52311
2023-10-25	67901	81826	56164
2023-10-26	74003	90346	61798
2023-10-27	64689	84846	54646
2023-10-30	56839	78948	43729
2023-10-31	79085	90073	50835
2023-11-01	90761	114650	72313
2023-11-02	72029	94735	52716
2023-11-03	75704	104243	61329
2023-11-06	43048	65582	38554
2023-11-07	47980	62096	42595
2023-11-08	45534	65121	44576
2023-11-09	56925	78212	42905
2023-11-10	53059	71156	42243
2023-11-13	47837	63998	32549
2023-11-14	73788	90393	52564
2023-11-15	69914	87442	54152
2023-11-16	55076	74779	54524
2023-11-17	53220	74737	47202
2023-11-20	48626	69404	49331
2023-11-21	51958	73831	55234
2023-11-22	57777	74140	51228
2023-11-23	31030	46356	28383
2023-11-24	35543	53977	38250
2023-11-27	46400	65415	43821
2023-11-28	59803	78717	50554
2023-11-29	64876	85334	62369
2023-11-30	72754	96272	65385
2023-12-01	74338	89886	66339
2023-12-04	67327	92650	56473
2023-12-05	74008	95867	61953
2023-12-06	63978	77082	47272
2023-12-07	81289	97557	58994
2023-12-08	91436	107928	74403
2023-12-11	58722	65930	41808
2023-12-12	69801	81901	55005
2023-12-13	88831	90238	59433
2023-12-14	115825	133341	83892
2023-12-15	95148	101082	64334
2023-12-18	69887	70113	44547
2023-12-19	67295	74143	47059
2023-12-20	65521	77798	43614
2023-12-21	81929	85991	57389
2023-12-22	88405	81602	51776
2023-12-26	35509	50800	27240
2023-12-27	67419	67480	35563
2023-12-28	69929	72342	49497
2023-12-29	80044	80329	49429
